

"Period",1.0000000000,2.0000000000,3.0000000000,4.0000000000,5.0000000000,6.0000000000,7.0000000000,8.0000000000,9.0000000000,10.0000000000,11.0000000000,12.0000000000,13.0000000000,14.0000000000,15.0000000000,16.0000000000,17.0000000000,18.0000000000,19.0000000000,20.0000000000,21.0000000000,22.0000000000,23.0000000000,24.0000000000,25.0000000000,26.0000000000,27.0000000000,28.0000000000,29.0000000000,30.0000000000,31.0000000000,32.0000000000,33.0000000000,34.0000000000,35.0000000000,36.0000000000,37.0000000000,38.0000000000,39.0000000000,40.0000000000,41.0000000000,42.0000000000,43.0000000000,44.0000000000,45.0000000000,46.0000000000,47.0000000000,48.0000000000,49.0000000000,50.0000000000,51.0000000000,52.0000000000,53.0000000000,54.0000000000,55.0000000000,56.0000000000,57.0000000000,58.0000000000,59.0000000000,60.0000000000,61.0000000000,62.0000000000,63.0000000000,64.0000000000,65.0000000000,66.0000000000,67.0000000000,68.0000000000,69.0000000000,70.0000000000,71.0000000000,72.0000000000,73.0000000000,74.0000000000,75.0000000000,76.0000000000,77.0000000000,78.0000000000,79.0000000000,80.0000000000,81.0000000000,82.0000000000,83.0000000000,84.0000000000,85.0000000000,86.0000000000,87.0000000000,88.0000000000,89.0000000000,90.0000000000,91.0000000000,92.0000000000,93.0000000000,94.0000000000,95.0000000000,96.0000000000,97.0000000000,98.0000000000,99.0000000000,100.0000000000,101.0000000000,102.0000000000,103.0000000000,104.0000000000,105.0000000000,106.0000000000,107.0000000000,108.0000000000,109.0000000000,110.0000000000,111.0000000000,112.0000000000,113.0000000000,114.0000000000,115.0000000000,116.0000000000,117.0000000000,118.0000000000,119.0000000000,120.0000000000,121.0000000000,122.0000000000,123.0000000000,124.0000000000,125.0000000000,126.0000000000,127.0000000000,128.0000000000,129.0000000000,130.0000000000,131.0000000000,132.0000000000,133.0000000000,134.0000000000,135.0000000000,136.0000000000,137.0000000000,138.0000000000,139.0000000000,140.0000000000,141.0000000000,142.0000000000,143.0000000000,144.0000000000,145.0000000000,146.0000000000,147.0000000000,148.0000000000,149.0000000000,150.0000000000,151.0000000000,152.0000000000,153.0000000000,154.0000000000,155.0000000000,156.0000000000,157.0000000000,158.0000000000,159.0000000000,160.0000000000
"Year",2023.0000000000,2026.0000000000,2029.0000000000,2032.0000000000,2035.0000000000,2038.0000000000,2041.0000000000,2044.0000000000,2047.0000000000,2050.0000000000,2053.0000000000,2056.0000000000,2059.0000000000,2062.0000000000,2065.0000000000,2068.0000000000,2071.0000000000,2074.0000000000,2077.0000000000,2080.0000000000,2083.0000000000,2086.0000000000,2089.0000000000,2092.0000000000,2095.0000000000,2098.0000000000,2101.0000000000,2104.0000000000,2107.0000000000,2110.0000000000,2113.0000000000,2116.0000000000,2119.0000000000,2122.0000000000,2125.0000000000,2128.0000000000,2131.0000000000,2134.0000000000,2137.0000000000,2140.0000000000,2143.0000000000,2146.0000000000,2149.0000000000,2152.0000000000,2155.0000000000,2158.0000000000,2161.0000000000,2164.0000000000,2167.0000000000,2170.0000000000,2173.0000000000,2176.0000000000,2179.0000000000,2182.0000000000,2185.0000000000,2188.0000000000,2191.0000000000,2194.0000000000,2197.0000000000,2200.0000000000,2203.0000000000,2206.0000000000,2209.0000000000,2212.0000000000,2215.0000000000,2218.0000000000,2221.0000000000,2224.0000000000,2227.0000000000,2230.0000000000,2233.0000000000,2236.0000000000,2239.0000000000,2242.0000000000,2245.0000000000,2248.0000000000,2251.0000000000,2254.0000000000,2257.0000000000,2260.0000000000,2263.0000000000,2266.0000000000,2269.0000000000,2272.0000000000,2275.0000000000,2278.0000000000,2281.0000000000,2284.0000000000,2287.0000000000,2290.0000000000,2293.0000000000,2296.0000000000,2299.0000000000,2302.0000000000,2305.0000000000,2308.0000000000,2311.0000000000,2314.0000000000,2317.0000000000,2320.0000000000,2323.0000000000,2326.0000000000,2329.0000000000,2332.0000000000,2335.0000000000,2338.0000000000,2341.0000000000,2344.0000000000,2347.0000000000,2350.0000000000,2353.0000000000,2356.0000000000,2359.0000000000,2362.0000000000,2365.0000000000,2368.0000000000,2371.0000000000,2374.0000000000,2377.0000000000,2380.0000000000,2383.0000000000,2386.0000000000,2389.0000000000,2392.0000000000,2395.0000000000,2398.0000000000,2401.0000000000,2404.0000000000,2407.0000000000,2410.0000000000,2413.0000000000,2416.0000000000,2419.0000000000,2422.0000000000,2425.0000000000,2428.0000000000,2431.0000000000,2434.0000000000,2437.0000000000,2440.0000000000,2443.0000000000,2446.0000000000,2449.0000000000,2452.0000000000,2455.0000000000,2458.0000000000,2461.0000000000,2464.0000000000,2467.0000000000,2470.0000000000,2473.0000000000,2476.0000000000,2479.0000000000,2482.0000000000,2485.0000000000,2488.0000000000,2491.0000000000,2494.0000000000,2497.0000000000,2500.0000000000
"Industrial Emissions GTCO2 per year",36.6400000003,32.8345844852,27.4782510812,21.0610361074,13.7834130800,12.5380582411,12.0443999618,11.4645602609,10.7969745179,10.0461711744,9.2102437449,8.2946440495,7.3038085004,6.2397531602,5.1086989138,3.9141951988,2.6637917709,1.3637044623,0.0187903660,-1.3677830771,-2.7877619701,-4.2391887149,-5.7094016714,-7.2008119095,-8.7115323436,-10.2165664565,-11.7184513394,-13.2324735431,-14.7274697250,-16.1830254619,-17.5547157668,-18.7164900146,-19.3170849515,-18.8993200561,-17.2599173880,-15.3612541218,-14.3521576040,-14.2990365302,-14.7426475166,-15.3652281569,-15.9903093269,-16.5785138350,-17.0831496901,-17.4322079615,-17.7513318500,-17.9826337664,-18.0966448424,-18.1154585472,-18.0621746121,-17.9430743412,-17.7475804626,-17.5171122940,-17.2125528063,-16.8590809163,-16.4958700813,-16.0752762753,-15.6204989504,-15.1971030560,-14.7152256452,-14.2267578566,-13.7784485809,-13.2736545401,-12.8121561323,-12.3285649713,-11.8260337882,-11.3866035392,-10.9413202529,-10.5100658475,-10.0605042754,-9.6452153322,-9.2326997860,-8.8401305303,-8.4405641099,-8.0485722940,-7.6259255815,-7.2335964829,-6.8078935089,-6.3328260499,-5.9486935506,-5.5635981650,-5.1971357913,-4.7909606753,-4.3891364046,-3.9215072285,-3.4550079542,-2.8589132332,-2.1393286098,-1.2400320070,-0.1227106848,0.0000000000,0.0000000000,0.0000000000,0.0000000000,0.0000000000,0.0000000000,0.0000000000,0.0000000000,0.0000000000,0.0000000000,0.0000000000,0.0000000000,0.0000000000,0.0000000000,0.0000000000,0.0000000000,0.0000000000,0.0000000000,0.0000000000,0.0000000000,0.0000000000,0.0000000000,0.0000000000,0.0000000000,0.0000000000,0.0000000000,0.0000000000,0.0000000000,0.0000000000,0.0000000000,0.0000000000,0.0000000000,0.0000000000,0.0000000000,0.0000000000,0.0000000000,0.0000000000,0.0000000000,0.0000000000,0.0000000000,0.0000000000,0.0000000000,0.0000000000,0.0000000000,0.0000000000,0.0000000000,0.0000000000,0.0000000000,0.0000000000,0.0000000000,0.0000000000,0.0000000000,0.0000000000,0.0000000000,0.0000000000,0.0000000000,0.0000000000,0.0000000000,0.0000000000,0.0000000000,0.0000000000,0.0000000000,0.0000000000,0.0000000000,0.0000000000,0.0000000000,0.0000000000,0.0000000000,0.0000000000,13.7086328561,13.4681257682
"Atmospheric concentrations ppm",417.2742625817,423.9554894788,429.1867386863,432.7742703675,434.5671323297,434.4060327049,434.4130263964,434.5528303450,434.6858234724,434.7458748722,434.6905092950,434.4857968069,434.1022477580,433.5130904825,432.6974392509,431.6380840102,430.3196999711,428.7307273517,426.8622627748,424.7073979899,422.2605924425,419.5194748191,416.4823382320,413.1520461391,409.5303748182,405.6200557422,401.4323408892,396.9764552225,392.2566050389,387.2898787461,382.1009142936,376.7340504871,371.2901150672,366.0165300616,361.3396500407,357.6954392857,355.0072574595,352.7445522389,350.4820725648,348.0552461013,345.4348029436,342.6481403787,339.7273455905,336.7135580555,333.6635689387,330.5864586010,327.5117577163,324.4733483056,321.4936333400,318.5864187902,315.7633461896,313.0387874176,310.4132167440,307.9007780394,305.5059108757,303.2220708856,301.0596735831,299.0201490846,297.0862688579,295.2721575730,293.5725684094,291.9706349790,290.4819106233,289.0878418459,287.7942712886,286.6036515020,285.4938742502,284.4681420306,283.5213529767,282.6587144067,281.8682105310,281.1497442058,280.4971043447,279.9128572478,279.3939462424,278.9489487650,278.5663231543,278.2560254735,278.0295812645,277.8563152545,277.7396477028,277.6739680982,277.6714439424,277.7281012309,277.8618746566,278.0671794297,278.3789851438,278.8229470573,279.4386067052,280.2714316964,281.0103662142,281.6696213025,282.2720638741,282.8304160796,283.3534412802,283.8473103145,284.3164228821,284.7639638888,285.1922826341,285.6031513643,285.9979417092,286.3777452298,286.7434559161,287.0958267602,287.4355086519,287.7630772077,288.0790513539,288.3839062694,288.6780824610,288.9619921869,289.2360240533,289.5005463526,289.7559095294,290.0024480407,290.2404817918,290.4703172744,290.6922484914,290.9065577297,291.1135162214,291.3133847218,291.5064140246,291.6928454291,291.8729111675,292.0468348017,292.2148315929,292.3771088490,292.5338662522,292.6852961692,292.8315839450,292.9729081829,293.1094410111,293.2413483367,293.3687900879,293.4919204462,293.6108880675,293.7258362940,293.8369033574,293.9442225721,294.0479225219,294.1481272377,294.2449563683,294.3385253442,294.4289455342,294.5163243963,294.6007656219,294.6823692747,294.7612319234,294.8374467701,294.9111037724,294.9822897619,295.0510885570,295.1175810720,295.1818454220,295.2439570230,295.3039886890,295.3620107252,295.4180910170,295.4722951166,295.5246863255,299.5774658764
"Atmospheric Temperature rel. 1850-1900",1.2760402705,1.3049212457,1.3512476398,1.4112094382,1.4673395673,1.4966887133,1.5084428969,1.5153851793,1.5182349441,1.5190137868,1.5197566199,1.5194187159,1.5160504974,1.5120829577,1.5076746544,1.5022975090,1.4960617161,1.4888705803,1.4805343033,1.4707958888,1.4594578283,1.4461636205,1.4305669154,1.4130328709,1.3936822095,1.3732003839,1.3511183307,1.3272217836,1.3002285495,1.2703972946,1.2383041805,1.2040846478,1.1679160281,1.1302684550,1.0924535263,1.0570126519,1.0270575213,1.0034257110,0.9840076122,0.9661778866,0.9482276260,0.9292956481,0.9090843063,0.8875452534,0.8648196682,0.8412516671,0.8169910249,0.7922602460,0.7673250238,0.7424089920,0.7176836050,0.6932943122,0.6693934808,0.6460549484,0.6234099775,0.6015463204,0.5804769947,0.5602915572,0.5410441578,0.5226766990,0.5052825014,0.4888687252,0.4733519654,0.4588174116,0.4451801226,0.4324658326,0.4207020029,0.4097662189,0.3996524803,0.3903256837,0.3818124877,0.3740465199,0.3670139431,0.3606712231,0.3550242914,0.3500553718,0.3458175315,0.3422531260,0.3382504981,0.3342483455,0.3307098895,0.3277665543,0.3254286385,0.3237785012,0.3228069348,0.3226254821,0.3232240426,0.3248283646,0.3276647937,0.3320622335,0.3384176413,0.3448642376,0.3509973048,0.3567362701,0.3620838015,0.3670767015,0.3717596986,0.3761745474,0.3803565026,0.3843339883,0.3881294694,0.3917606263,0.3952414625,0.3985832245,0.4017951168,0.4048848379,0.4078589717,0.4107232711,0.4134828599,0.4161423775,0.4187060820,0.4211779232,0.4235615966,0.4258605813,0.4280781691,0.4302174857,0.4322815077,0.4342730750,0.4361949019,0.4380495856,0.4398396134,0.4415673693,0.4432351397,0.4448451184,0.4463994111,0.4479000398,0.4493489467,0.4507479980,0.4520989870,0.4534036374,0.4546636069,0.4558804893,0.4570558176,0.4581910668,0.4592876559,0.4603469505,0.4613702650,0.4623588649,0.4633139682,0.4642367482,0.4651283344,0.4659898151,0.4668222383,0.4676266141,0.4684039155,0.4691550800,0.4698810115,0.4705825809,0.4712606279,0.4719159620,0.4725493636,0.4731615853,0.4737533527,0.4743253659,0.4748782998,0.4754128056,0.4759295114,0.4764290231,0.4769119255,0.4773787826
"Mid-ocean Temperature rel. 1850-1900",1.0506379434,1.0948670377,1.1342826522,1.1812935786,1.2300662531,1.2655958575,1.2857528927,1.2973868512,1.3041628111,1.3081340293,1.3110898230,1.3132232174,1.3134924492,1.3125977683,1.3110883093,1.3088650776,1.3058936571,1.3021290543,1.2974527879,1.2916824075,1.2846399370,1.2760763527,1.2657098164,1.2536042220,1.2398774469,1.2249137000,1.2086610254,1.1909425645,1.1710474630,1.1487624828,1.1243451501,1.0979963995,1.0698713899,1.0402638359,1.0099572131,0.9805760221,0.9543979076,0.9328135590,0.9152481819,0.9000022841,0.8854708847,0.8706010345,0.8548644112,0.8380611557,0.8202016691,0.8014752256,0.7820460547,0.7620852396,0.7417959459,0.7213742984,0.7009839396,0.6807610621,0.6608351448,0.6412958471,0.6222416863,0.6037587896,0.5858878452,0.5686867867,0.5522095988,0.5364493287,0.5214448920,0.5072224048,0.4937494605,0.4810512152,0.4691033974,0.4579035628,0.4474689243,0.4377476313,0.4287096630,0.4203299740,0.4126120556,0.4055279912,0.3990566485,0.3931700824,0.3878595801,0.3831155439,0.3789605332,0.3753789687,0.3718083072,0.3681867192,0.3647796610,0.3617776096,0.3592521699,0.3572651064,0.3558386368,0.3550337520,0.3548755542,0.3554825462,0.3570261878,0.3597432185,0.3639338683,0.3687986120,0.3737055741,0.3783996934,0.3828048829,0.3869191144,0.3907679311,0.3943836723,0.3977969451,0.4010337837,0.4041152849,0.4070581903,0.4098757234,0.4125783940,0.4151746703,0.4176715049,0.4200747296,0.4223893451,0.4246197304,0.4267697928,0.4288430752,0.4308428325,0.4327720867,0.4346336664,0.4364302356,0.4381643154,0.4398382999,0.4414544692,0.4430149985,0.4445219669,0.4459773633,0.4473830925,0.4487409802,0.4500527768,0.4513201617,0.4525447470,0.4537280802,0.4548716478,0.4559768778,0.4570451425,0.4580777608,0.4590760008,0.4600410818,0.4609741765,0.4618764131,0.4627488770,0.4635926127,0.4644086253,0.4651978826,0.4659613162,0.4666998231,0.4674142673,0.4681054808,0.4687742651,0.4694213925,0.4700476071,0.4706536257,0.4712401396,0.4718078148,0.4723572934,0.4728891943,0.4734041146,0.4739026298,0.4743852948,0.4748526451,0.4753051969,0.4757434485,0.4761678803,0.4765789560,0.4769771228
"Deep-ocean temperature rel. 1850-1900",0.1435106441,0.1539755483,0.1647706718,0.1759267949,0.1875012051,0.1994271932,0.2115290504,0.2236673708,0.2357704818,0.2477964365,0.2597249988,0.2715481394,0.2832524534,0.2948209081,0.3062455759,0.3175209726,0.3286404212,0.3395970503,0.3503831422,0.3609893582,0.3714043914,0.3816147218,0.3916039505,0.4013544140,0.4108499593,0.4200772464,0.4290254694,0.4376822706,0.4460307638,0.4540482665,0.4617128912,0.4690059052,0.4759106906,0.4824132400,0.4885055874,0.4941932921,0.4995040503,0.5044868343,0.5091949172,0.5136672816,0.5179231921,0.5219666771,0.5257929728,0.5293934580,0.5327586310,0.5358802533,0.5387523118,0.5413706853,0.5437334009,0.5458407799,0.5476951679,0.5493005578,0.5506623751,0.5517872375,0.5526827033,0.5533573076,0.5538202140,0.5540809881,0.5541497441,0.5540367744,0.5537523529,0.5533070669,0.5527113597,0.5519754333,0.5511094751,0.5501233334,0.5490268516,0.5478296201,0.5465405819,0.5451683034,0.5437211122,0.5422071518,0.5406341589,0.5390095266,0.5373403376,0.5356335126,0.5338959427,0.5321345346,0.5303531605,0.5285513409,0.5267301280,0.5248933341,0.5230461644,0.5211944363,0.5193444082,0.5175026731,0.5156763004,0.5138729858,0.5121020322,0.5103749167,0.5087060197,0.5071074700,0.5055820885,0.5041278533,0.5027410508,0.5014176310,0.5001537481,0.4989459359,0.4977911243,0.4966865966,0.4956299303,0.4946189417,0.4936516392,0.4927261855,0.4918408704,0.4909940885,0.4901843242,0.4894101393,0.4886701645,0.4879630919,0.4872876703,0.4866427006,0.4860270322,0.4854395605,0.4848792239,0.4843450019,0.4838359130,0.4833510131,0.4828893936,0.4824501799,0.4820325302,0.4816356340,0.4812587107,0.4809010087,0.4805618040,0.4802403993,0.4799361227,0.4796483272,0.4793763890,0.4791197074,0.4788777033,0.4786498187,0.4784355160,0.4782342768,0.4780456017,0.4778690090,0.4777040347,0.4775502314,0.4774071677,0.4772744279,0.4771516110,0.4770383305,0.4769342140,0.4768389020,0.4767520482,0.4766733186,0.4766023912,0.4765389554,0.4764827119,0.4764333719,0.4763906571,0.4763542989,0.4763240387,0.4762996268,0.4762808225,0.4762673939,0.4762591172,0.4762557766,0.4762571641,0.4762630792
"Output Net Net ",132.5009840812,150.4544254400,166.6899787023,182.1038695408,196.9959062845,214.3019500963,233.0912355437,253.0795283714,274.2126166051,296.6433535786,320.2428767992,345.0662386928,371.3213634849,398.7627110970,427.8009171599,458.0829594458,489.8923081436,523.2332474839,558.3050343604,595.1965246141,633.7353335785,674.2049910785,716.2794420954,760.5309794441,806.9080546391,854.5969274625,904.4003569756,957.0205517071,1011.2398222035,1067.2606176257,1125.5277558196,1186.3768362428,1248.6277286990,1314.9038575294,1383.8194298454,1455.1070090611,1528.2784100216,1603.2912577386,1679.7931715790,1759.3449078542,1841.1580762152,1927.0094229092,2014.4899498369,2100.5152246271,2195.1214462535,2291.4957498287,2387.1123924524,2484.1922604486,2584.3583757989,2687.2410110563,2791.4620657862,2899.8410738638,3007.1837143250,3116.5544217363,3230.5673268467,3342.4846465194,3456.9274705464,3580.0402937800,3698.1128923813,3821.3916040762,3952.9351860311,4076.3053042540,4208.5593312640,4335.0015117410,4461.7598146263,4602.6962224560,4736.9499916183,4868.7041123732,4994.2079063034,5129.4469790138,5264.8073734387,5404.1422838976,5538.8572461538,5674.0800610968,5803.2232234261,5944.2365389160,6068.9954494444,6187.2389870429,6340.8206601194,6470.1456884298,6595.0318196094,6713.2448822204,6860.0662180924,7004.6055697613,7167.9320420746,7286.1457413493,7420.0152021813,7557.9109203802,7692.4499627766,7795.4244835542,7934.1864334676,8046.3669125707,8202.4033473794,8374.0564853595,8533.7630160750,8678.8135346460,8805.8376349088,8969.1296732659,9122.0393300525,9261.5254638531,9403.4270155332,9549.8467560138,9695.5121366835,9856.6918379644,10006.2195846181,10140.9519180699,10313.4179107051,10489.7801535926,10665.0126356004,10836.9178160406,11028.7695796446,11224.5459024962,11426.8322472250,11623.0434356222,11832.0614607531,12007.7115604859,12183.7811936115,12383.4894216848,12588.9851508966,12781.0668836506,12977.1137183230,13155.7067872903,13364.9862654676,13576.7680803395,13776.5817834255,13996.5886471803,14167.0386347982,14364.3026799228,14565.5072503709,14769.2780783560,14981.6465093337,15229.9848394955,15437.4788136135,15672.9612192109,15900.1218976837,16127.3217820940,16355.2491753730,16594.2206255823,16870.5797557780,17134.1609927047,17380.4830775324,17638.9916432251,17901.4740233644,18167.7100703194,18435.8899879156,18707.1732509615,18974.8693246671,19231.6592418144,19449.5929216632,19527.1525911346,19147.5234295056,19633.1823934193,20089.1179003790,20522.2137628850,20936.9397964116,21339.4883402633,21731.4700399462,22116.5832611816,22497.1820978255,22873.9470997530
"Climate Damages fraction output",0.0038427379,0.0040186539,0.0043090536,0.0046999685,0.0050812816,0.0052865820,0.0053699439,0.0054194857,0.0054398881,0.0054454708,0.0054507980,0.0054483744,0.0054242455,0.0053958919,0.0053644756,0.0053262788,0.0052821536,0.0052314960,0.0051730771,0.0051052477,0.0050268405,0.0049356786,0.0048297912,0.0047121221,0.0045839462,0.0044502031,0.0043082290,0.0041571817,0.0039898025,0.0038088259,0.0036188175,0.0034215748,0.0032191057,0.0030149160,0.0028165531,0.0026367708,0.0024894393,0.0023761971,0.0022851195,0.0022030593,0.0021219601,0.0020380733,0.0019503849,0.0018590583,0.0017650748,0.0016701823,0.0015752394,0.0014813161,0.0013895390,0.0013007638,0.0012155646,0.0011343505,0.0010574868,0.0009850333,0.0009171904,0.0008539848,0.0007952104,0.0007408668,0.0006908399,0.0006447306,0.0006025326,0.0005640226,0.0005287865,0.0004968117,0.0004677174,0.0004413830,0.0004176968,0.0003962637,0.0003769442,0.0003595558,0.0003440426,0.0003301895,0.0003178902,0.0003069976,0.0002974597,0.0002891915,0.0002822318,0.0002764438,0.0002700156,0.0002636638,0.0002581109,0.0002535370,0.0002499330,0.0002474047,0.0002459222,0.0002456458,0.0002465581,0.0002490118,0.0002533796,0.0002602262,0.0002702825,0.0002806780,0.0002907499,0.0003003354,0.0003094070,0.0003179989,0.0003261644,0.0003339572,0.0003414237,0.0003486018,0.0003555210,0.0003622043,0.0003686693,0.0003749299,0.0003809968,0.0003868789,0.0003925835,0.0003981169,0.0004034847,0.0004086918,0.0004137429,0.0004186424,0.0004233944,0.0004280031,0.0004324722,0.0004368055,0.0004410068,0.0004450797,0.0004490277,0.0004528544,0.0004565630,0.0004601569,0.0004636394,0.0004670137,0.0004702829,0.0004734501,0.0004765182,0.0004794901,0.0004823686,0.0004851567,0.0004878568,0.0004904718,0.0004930040,0.0004954562,0.0004978306,0.0005001296,0.0005023556,0.0005045107,0.0005065972,0.0005086172,0.0005105727,0.0005124658,0.0005142983,0.0005160722,0.0005177893,0.0005194513,0.0005210601,0.0005226172,0.0005241243,0.0005255830,0.0005269948,0.0005283613,0.0005296837,0.0005309635,0.0005322022,0.0005334009,0.0005345610,0.0005356837,0.0005367702,0.0005378216
"Consumption Per Capita ",9.3438910803,10.9330861145,12.0767036596,13.0242063929,13.8985488941,14.8317711461,15.8419656669,16.9225231645,18.0658296954,19.2820355822,20.5659217532,21.9155774036,23.3474322231,24.8461463586,26.4370419149,28.1038975608,29.8552994966,31.6901107188,33.6182500386,35.6525860984,37.7848024008,40.0329963722,42.3756516644,44.8413525713,47.4549236916,50.1628079787,52.9772334395,55.9699530400,59.1023816881,62.3618153338,65.7670565197,69.3645046864,73.0612346314,76.9825804608,81.0959048890,85.3835746804,89.8297767042,94.4370814418,99.1572681621,104.0652077997,109.1262143854,114.4902008648,120.1190958935,125.6343040193,131.5916100764,137.9151360238,144.3872649405,150.9988159369,157.8447443098,164.9699009754,172.2818689209,180.0119009475,187.8912711533,195.9464997430,204.4703798424,213.0683003275,221.7447737389,231.1388713674,240.4787908361,250.0385742495,260.4625333498,270.7197210399,281.7174749317,292.7388303614,303.5975519186,315.6022948399,327.9773146661,340.6730076274,353.0212224625,365.9623633794,379.2479636293,393.2687386821,407.5458018089,422.3197953128,436.9067600348,452.9306290672,468.6840495467,483.1689434263,500.5273163091,517.8256527082,535.0130207901,550.8658556084,568.2896947659,586.1022922970,607.1605491472,626.0759403894,645.5154114807,666.1058690535,688.0903351480,707.3052905234,728.8046133767,747.3746230315,767.7922019766,790.9938662328,815.3852073474,839.8222247360,861.7482542539,886.4507804885,912.2112307239,937.4315216285,962.6809884588,988.4329113268,1013.9940643439,1041.6397190399,1069.5053490602,1094.5024324118,1121.6442658414,1150.1038091676,1179.0171748517,1206.9191347311,1236.1301774359,1266.1267862948,1297.5172475782,1328.9909162575,1363.6401758658,1396.3491767772,1427.3670555121,1460.0780581622,1494.9118198248,1529.4883755980,1565.1057316823,1597.9883876350,1633.0565431032,1669.9517465000,1706.2120592561,1746.9070178375,1783.0222547277,1820.0167117905,1857.4663185618,1894.5402714480,1930.9632762266,1972.9772501647,2011.5631266028,2052.4980686800,2093.5299888824,2134.3993367713,2174.1784792767,2212.8529775177,2256.2386021434,2301.0272910412,2343.9248762302,2387.3544429907,2431.3901149158,2476.3203040914,2522.5826887668,2572.3573428432,2630.3770586639,2711.1297553772,2856.8759954067,3202.1161163748,2664.0479621935,2735.7742875412,2803.1925295656,2867.2219158957,2928.6458041141,2987.9114280082,3045.6108958468,3102.0404767109,3157.5067800481,3212.2946490552
"Carbon Price (per t CO2)",32.6299034524,96.4424861916,179.8949730679,277.9237250110,387.2453919080,403.3144682571,406.6049971124,409.7505540272,412.7139022447,415.5078103425,418.0996665704,420.4682757765,422.6365220002,424.5536080704,426.2557719883,427.6902537364,428.8564801626,429.7344861402,430.3239260613,430.6299375693,430.6265529637,430.3321939605,429.7097730591,428.7907999298,427.5999928180,426.0726443444,424.2181904674,422.1135561972,419.7057783448,416.9058847031,413.4728631714,408.7471537250,401.0643713322,388.1174403465,369.5558739100,350.6697778234,336.8516532512,327.9080582808,321.4396745453,315.8561347606,310.3999695037,304.8504926471,299.1219938256,293.0558874987,286.8420830736,280.4973567199,273.9997478625,267.3779447896,260.6838337190,253.9595448276,247.2077254905,240.5106283751,233.8456252496,227.2320311956,220.7483146577,214.3519016277,208.0370110269,201.9158581665,195.8965120509,189.9984060781,184.3210992812,178.7522845571,173.3951669213,168.1915221494,163.0910080485,158.2066493199,153.4942694968,148.9633385896,144.5438944682,140.2774303206,136.1322709530,132.1279244972,128.2302034973,124.4474681757,120.7101048158,117.0975396533,113.5429525326,109.9779235048,106.6139349591,103.3771805822,100.2601962625,97.1393732007,94.0553382130,90.9118387988,87.8239496676,84.5882153039,81.1603042625,77.4496201771,73.3969858080,71.3313710233,69.5480867478,67.8093845791,66.1141499646,64.4612962155,62.8497638101,61.2785197148,59.7465567220,58.2528928039,56.7965704838,55.3766562217,53.9922398162,52.6424338208,51.3263729753,50.0432136509,48.7921333096,47.5723299769,46.3830217274,45.2234461843,44.0928600297,42.9905385289,41.9157750657,40.8678806890,39.8461836718,38.8500290800,37.8787783530,36.9318088942,36.0085136718,35.1083008300,34.2305933093,33.3748284766,32.5404577646,31.7269463205,30.9337726625,30.1604283460,29.4064176373,28.6712571964,27.9544757665,27.2556138723,26.5742235255,25.9098679374,25.2621212389,24.6305682080,24.0148040028,23.4144339027,22.8290730551,22.2583462287,21.7018875730,21.1593403837,20.6303568741,20.1145979523,19.6117330034,19.1214396784,18.6434036864,18.1773185942,17.7228856294,17.2798134886,16.8478181514,16.4266226976,16.0159571302,15.6155582020,15.2251692469,14.8445400157,14.4734265153,14.1115908525,13.7588010811,13.4148310541,13.0794602778,12.7524737708,0.0000000000,0.0000000000
"Emissions Control Rate",0.1500000000,0.3000000000,0.4500000000,0.6000000000,0.7500000000,0.7815726315,0.7980811018,0.8147247615,0.8314554781,0.8482862403,0.8651719512,0.8820799071,0.8990340969,0.9159604538,0.9328996374,0.9497711314,0.9665631185,0.9832353376,0.9997735617,1.0161708124,1.0323731438,1.0483908178,1.0641490084,1.0796760111,1.0949914078,1.1099707976,1.1246041723,1.1389949893,1.1530315984,1.1665315719,1.1790282983,1.1892582569,1.1939822733,1.1884014318,1.1709365865,1.1512426859,1.1405825288,1.1394485209,1.1432966818,1.1488800979,1.1545614226,1.1598248967,1.1644355231,1.1679557146,1.1707960585,1.1729569090,1.1743364518,1.1749632764,1.1749360579,1.1743373470,1.1731429221,1.1715698489,1.1695321418,1.1670701604,1.1644249008,1.1614548033,1.1581310890,1.1548444061,1.1512794737,1.1475058565,1.1439122473,1.1400861458,1.1364508305,1.1327973153,1.1289261261,1.1253415033,1.1218856615,1.1186332704,1.1152829650,1.1120510259,1.1088048966,1.1056640846,1.1024721866,1.0992895279,1.0957404189,1.0922759882,1.0885221228,1.0840522315,1.0801650194,1.0764501388,1.0728918596,1.0686728641,1.0640437680,1.0582900866,1.0521972678,1.0441907601,1.0337680101,1.0199819118,1.0020200654,1.0000000000,1.0000000000,1.0000000000,1.0000000000,1.0000000000,1.0000000000,1.0000000000,1.0000000000,1.0000000000,1.0000000000,1.0000000000,1.0000000000,1.0000000000,1.0000000000,1.0000000000,1.0000000000,1.0000000000,1.0000000000,1.0000000000,1.0000000000,1.0000000000,1.0000000000,1.0000000000,1.0000000000,1.0000000000,1.0000000000,1.0000000000,1.0000000000,1.0000000000,1.0000000000,1.0000000000,1.0000000000,1.0000000000,1.0000000000,1.0000000000,1.0000000000,1.0000000000,1.0000000000,1.0000000000,1.0000000000,1.0000000000,1.0000000000,1.0000000000,1.0000000000,1.0000000000,1.0000000000,1.0000000000,1.0000000000,1.0000000000,1.0000000000,1.0000000000,1.0000000000,1.0000000000,1.0000000000,1.0000000000,1.0000000000,1.0000000000,1.0000000000,1.0000000000,1.0000000000,1.0000000000,1.0000000000,1.0000000000,1.0000000000,1.0000000000,1.0000000000,1.0000000000,1.0000000000,1.0000000000,0.0000000000,0.0000000000
"Social cost of carbon",1088.1418927280,1113.8203998611,1132.0872254194,1147.1289619839,1160.6444583789,1174.0646600183,1187.5679942369,1201.0652073830,1214.4546673195,1227.7851556918,1240.9772457892,1253.9861522162,1266.8950666509,1279.5689285216,1292.1339389292,1304.4543104693,1316.5486879332,1328.3787733658,1339.9640281260,1351.3339049248,1362.4183437491,1373.2726676468,1383.7822224964,1394.0423280881,1404.1204230883,1413.8016970564,1423.1220371250,1432.3178119478,1441.2667988885,1449.9467300150,1458.4290844997,1466.8535480513,1474.9775899803,1483.1061676946,1491.1310660266,1498.9848126742,1506.5935732776,1513.9086344487,1520.7827784603,1527.3298676577,1533.4705138097,1539.4674477161,1545.2734565378,1550.3001636062,1555.4299588988,1560.5628964767,1565.4205960838,1570.0265254265,1574.5323934532,1579.0184803044,1583.3929296200,1587.9470760216,1592.4055834915,1596.8162763706,1601.4986347149,1606.0810472380,1610.5738645478,1615.5698019495,1620.3942723388,1625.2764451530,1630.7472298860,1635.9902572580,1641.7033112558,1647.3660078861,1652.8334988736,1658.9894765407,1665.3152925811,1671.7907418313,1677.9980036372,1684.4847885731,1691.0848665465,1698.0035890875,1704.9680254083,1712.0990292105,1719.0221253029,1726.5301966417,1733.8107262397,1740.4153731014,1748.2394149505,1756.0051529338,1763.7014669927,1770.7752311112,1778.3472600706,1785.8821121895,1794.4632629617,1802.0446479563,1809.5091070759,1816.9689904036,1824.4346831472,1830.3671989835,1836.3688362442,1840.7060415316,1844.7918348085,1848.9064910040,1852.6126777482,1855.6348174573,1857.2229338328,1858.8091725941,1859.9655374246,1860.2896920276,1859.9173232909,1858.9602542639,1857.2213200541,1855.2342929221,1852.6071617136,1848.5891293662,1844.2046569111,1839.2610177299,1833.5726802166,1826.7925081528,1819.3249927444,1811.0355239068,1802.0285735168,1792.0385249800,1781.6526050388,1770.0247778512,1757.1301208322,1743.4563804672,1729.0789546758,1713.6293486648,1697.3139973939,1679.5254590370,1660.8842338107,1641.3512162934,1620.5632014102,1599.2350798092,1576.2456781177,1552.1739757925,1526.9331055171,1500.3779292835,1472.3570642845,1443.5405259410,1412.9877401498,1381.2068308854,1347.9652127622,1313.1933851747,1276.7316569367,1238.4208377954,1198.6479212540,1157.1606762571,1113.6382272479,1068.1306919888,1020.5276201548,970.7274585801,918.6361895895,864.2849750281,807.8858056085,750.1753680738,693.1199046030,639.6963608461,561.6039364396,496.5474056508,428.4725770926,357.5719307523,284.2293086194,209.2659952796,134.3869782246,62.9282807345,0.0000000000,0.0000000000
"Interest Rate ",0.0075101754,0.0051920996,0.0042294547,0.0038054944,0.0038059906,0.0038422791,0.0038459771,0.0038216375,0.0038125930,0.0037848876,0.0037487801,0.0037378220,0.0036947155,0.0036886054,0.0036516172,0.0036239951,0.0035914065,0.0035682078,0.0035556915,0.0035289039,0.0035173341,0.0034801190,0.0034675514,0.0034712725,0.0034248757,0.0033885443,0.0034031675,0.0033832400,0.0033521638,0.0033314535,0.0033350786,0.0032815589,0.0032959502,0.0032868022,0.0032654519,0.0032350124,0.0032050979,0.0031551817,0.0031366112,0.0031035844,0.0031235124,0.0031239291,0.0029994348,0.0030570609,0.0030814295,0.0030383065,0.0029946743,0.0029773009,0.0029697263,0.0029383438,0.0029592929,0.0029171466,0.0028825556,0.0029067555,0.0028509227,0.0027997638,0.0028630373,0.0027876867,0.0027624213,0.0028370503,0.0027480504,0.0027960086,0.0027380679,0.0026596967,0.0027542617,0.0027414949,0.0027221249,0.0026269281,0.0026428596,0.0026291208,0.0026549164,0.0026291360,0.0026271059,0.0025608328,0.0026435353,0.0025701737,0.0024197033,0.0026145246,0.0025616132,0.0025085207,0.0023700944,0.0024478714,0.0024367655,0.0026146495,0.0024293636,0.0024253133,0.0024582786,0.0025012639,0.0023036200,0.0023998874,0.0022081504,0.0022799783,0.0023929827,0.0024170143,0.0023832995,0.0022326872,0.0023324935,0.0023478714,0.0022927904,0.0022649768,0.0022577728,0.0022230102,0.0022778338,0.0022578307,0.0021256810,0.0021814903,0.0022039659,0.0021948450,0.0021371512,0.0021581954,0.0021606831,0.0021812626,0.0021603033,0.0022312773,0.0021497230,0.0020802584,0.0021078338,0.0021446700,0.0021161590,0.0021223334,0.0020330323,0.0020697339,0.0020951240,0.0020606413,0.0021444191,0.0020198383,0.0020227581,0.0020160173,0.0019917753,0.0019629157,0.0020623928,0.0019759662,0.0020071132,0.0019930244,0.0019745729,0.0019397842,0.0019063650,0.0019778928,0.0019875163,0.0019400060,0.0019355114,0.0019322382,0.0019335696,0.0019415447,0.0019828229,0.0020936481,0.0024117132,0.0032992426,0.0057792427,-0.0061403945,0.0022645505,0.0021754217,0.0021048780,0.0020492392,0.0020026629,0.0019662864,0.0019354956,0.0019100067,0.0018891749,0.0000000000
"Population",7.9880882511,8.2195577653,8.4404160440,8.6498055130,8.8511710480,9.0376494429,9.2168896096,9.3870411587,9.5447383724,9.6962057296,9.8346883482,9.9616922393,10.0837649838,10.1909429462,10.2965525470,10.3878454778,10.4730436333,10.5508271557,10.6251598499,10.6967224273,10.7603106327,10.8216074920,10.8726514994,10.9243294049,10.9744166474,11.0082733033,11.0396919739,11.0783522936,11.1046761869,11.1225496459,11.1376774317,11.1532197634,11.1528317842,11.1651198168,11.1721173161,11.1752185836,11.1737847287,11.1680607617,11.1535772858,11.1426299331,11.1270013338,11.1203864509,11.1045104093,11.0583975036,11.0511585863,11.0349261872,10.9969489604,10.9525350870,10.9105452266,10.8683777718,10.8189532718,10.7772015339,10.7181348417,10.6573825772,10.6062556314,10.5358578785,10.4661174481,10.4201821241,10.3453622235,10.2808368581,10.2359996752,10.1557233540,10.0981983151,10.0163252489,9.9299257205,9.8780815323,9.8019789308,9.7166816912,9.6129017567,9.5303773283,9.4440244544,9.3639182333,9.2713586038,9.1790407008,9.0731309864,8.9909510004,8.8770353317,8.7511791803,8.6888068582,8.5823135061,8.4705426897,8.3480689441,8.2699546817,8.1851259688,8.1284372035,8.0070636068,7.9109505001,7.8211164644,7.7288351844,7.5981793054,7.5145684815,7.3972015180,7.3302800719,7.2781796821,7.2121860625,7.1321465027,7.0345721127,6.9749074034,6.9045970022,6.8226262931,6.7443253139,6.6708059909,6.5967535234,6.5366003296,6.4669982060,6.3855403856,6.3341375346,6.2841831627,6.2326921074,6.1780436981,6.1370349119,6.0973983947,6.0614568772,6.0208271222,5.9890841455,5.9361897006,5.8842702950,5.8465957327,5.8117702924,5.7689806685,5.7290460585,5.6791662655,5.6460693969,5.6136323573,5.5747130998,5.5470205787,5.4945863855,5.4563104395,5.4195201226,5.3834497871,5.3505439163,5.3335208862,5.2974831302,5.2739846823,5.2464869094,5.2188940279,5.1911584642,5.1669329883,5.1565811217,5.1404253545,5.1175245422,5.0990974282,5.0816428038,5.0651444992,5.0491243544,5.0345164695,5.0203725927,5.0080443340,4.9987866679,4.9898701739,4.9819679359,4.9744010413,4.9675048333,4.9612745080,4.9553771241,4.9504723660,4.9458967495,4.9419794160,4.9387175562,4.9357834334
"TFP",5.4028103630,5.6573930502,5.9214718468,6.1952864488,6.4790782114,6.7730900105,7.0775661022,7.3927519783,7.7188942191,8.0562403435,8.4050386567,8.7655380946,9.1379880672,9.5226382989,9.9197386677,10.3295390418,10.7522891157,11.1882382445,11.6376352771,12.1007283883,12.5777649108,13.0689911665,13.5746522967,14.0949920934,14.6302528300,15.1806750922,15.7464976101,16.3279570899,16.9252880474,17.5387226422,18.1684905134,18.8148186158,19.4779310594,20.1580489488,20.8553902263,21.5701695158,22.3025979697,23.0528831183,23.8212287215,24.6078346230,25.4128966088,26.2366062669,27.0791508516,27.9407131503,28.8214713546,29.7215989339,30.6412645138,31.5806317573,32.5398592507,33.5191003930,34.5185032896,35.5382106502,36.5783596907,37.6390820397,38.7205036491,39.8227447095,40.9459195699,42.0901366617,43.2554984274,44.4421012546,45.6500354132,46.8793849988,48.1302278797,49.4026356488,50.6966735808,52.0124005931,53.3498692120,54.7091255437,56.0902092493,57.4931535250,58.9179850866,60.3647241586,61.8333844681,63.3239732424,64.8364912121,66.3709326176,67.9272852209,69.5055303202,71.1056427707,72.7275910075,74.3713370741,76.0368366541,77.7240391069,79.4328875073,81.1633186893,82.9152632927,84.6886458136,86.4833846591,88.2993922044,90.1365748536,91.9948331037,93.8740616120,95.7741492659,97.6949792559,99.6364291520,101.5983709815,103.5806713109,105.5831913288,107.6057869326,109.6483088167,111.7106025629,113.7925087329,115.8938629635,118.0144960625,120.1542341072,122.3128985444,124.4903062918,126.6862698409,128.9005973617,131.1330928076,133.3835560229,135.6517828500,137.9375652386,140.2406913551,142.5609456932,144.8981091846,147.2519593112,149.6222702167,152.0088128199,154.4113549267,156.8296613438,159.2634939919,161.7126120189,164.1767719129,166.6557276162,169.1492306373,171.6570301645,174.1788731779,176.7145045615,179.2636672149,181.8261021641,184.4015486723,186.9897443492,189.5904252604,192.2033260354,194.8281799755,197.4647191594,200.1126745500,202.7717760976,205.4417528447,208.1223330273,210.8132441771,213.5142132208,216.2249665796,218.9452302662,221.6747299816,224.4131912097,227.1603393110,229.9158996149,232.6795975099,235.4511585338,238.2303084604,241.0167733868,243.8102798174,246.6105547475,249.4173257448,252.2303210294,255.0492695524,257.8739010724,260.7039462311
"Output gross,gross",133.0935743874,151.5855704904,168.9736474196,186.3566794539,204.1921910685,222.4371417053,241.8347010161,262.4469148747,284.2134836870,307.2935596365,331.5539649966,357.0456415902,383.9758342149,412.0913385067,441.8154299072,472.7759582144,505.2623404840,539.2737966483,575.0108294069,612.5596292217,651.7358161310,692.8256020187,735.4849472940,780.3001983671,827.2152196602,875.3911460777,925.6447684239,978.6934946315,1033.2750352639,1089.5877557498,1148.0676731446,1209.0031148568,1271.0602009753,1336.7296803947,1404.5807113442,1474.7660820835,1547.2162425790,1621.8807146768,1698.2158071224,1777.6655398113,1859.3636240677,1945.0797441229,2032.3714049370,2118.1163992029,2212.4512660428,2308.5082580701,2403.7452009138,2500.4067766691,2600.1345033791,2702.5620719274,2806.3066768189,2914.2117921430,3021.0581987850,3129.9301801771,3243.4606332623,3354.8834165534,3468.8397531060,3591.5032102282,3709.1129365750,3831.9499383601,3963.0872798789,4086.0368841721,4217.9061027898,4343.9627327970,4470.3462898759,4610.9520576448,4744.8773589805,4876.3143838858,5001.5040514416,5136.4584052413,5271.5473364768,5410.6296599622,5545.0986592700,5680.0890428030,5809.0032215800,5949.8134882325,6074.3656507633,6192.4057010417,6345.8208866234,6474.9676497889,6599.6850949138,6717.7335824534,6864.4198447073,7008.8290759077,7172.0483535922,7290.1343205304,7423.8900205342,7561.6794012132,7696.1182988099,7799.0784108948,7937.8824633691,8050.1012504260,8206.1995059639,8377.9231926928,8537.6957384273,8682.8065233943,8809.8838080924,8973.2471112361,9126.2248548656,9265.7746424387,9407.7427572303,9554.2329640568,9699.9702878344,9861.2308655161,10010.8358747525,10145.6403096528,10318.1974636430,10494.6542600178,10669.9822873898,10841.9828987024,11033.9408012200,11229.8264514025,11432.2264806824,11628.5497122269,11837.6870182744,12013.4416030435,12189.6168674983,12389.4429744252,12595.0602824504,12787.2579662670,12983.4234448170,13162.1273647027,13371.5333357668,13583.4435455295,13783.3803699945,14003.5208998726,14174.0804923069,14371.4678716157,14572.7981577637,14776.6963750924,14989.1968853941,15237.6858338991,15445.3101419219,15680.9373933940,15908.2389966701,16135.5800961046,16363.6493194308,16602.7685046836,16879.2949064806,17143.0371004618,17389.5114177348,17648.1787303466,17910.8221100588,18177.2212870752,18445.5655080575,18717.0148440073,18984.8752232997,19241.8237779127,19459.8955649357,19537.5187693243,19157.7095467387,19643.6483333569,20099.8482906033,20533.1967906384,20948.1659480522,21350.9513488986,21743.1644475370,22128.5055528318,22509.2643993647,22886.2558221314
"Change tfp",0.0450000000,0.0445968170,0.0441972465,0.0438012559,0.0434088132,0.0430198867,0.0426344448,0.0422524563,0.0418738903,0.0414987161,0.0411269033,0.0407584219,0.0403932418,0.0400313337,0.0396726681,0.0393172160,0.0389649487,0.0386158375,0.0382698542,0.0379269708,0.0375871595,0.0372503928,0.0369166434,0.0365858842,0.0362580886,0.0359332298,0.0356112817,0.0352922181,0.0349760132,0.0346626414,0.0343520772,0.0340442956,0.0337392717,0.0334369806,0.0331373979,0.0328404993,0.0325462609,0.0322546587,0.0319656692,0.0316792689,0.0313954347,0.0311141435,0.0308353725,0.0305590993,0.0302853013,0.0300139565,0.0297450428,0.0294785385,0.0292144220,0.0289526718,0.0286932668,0.0284361860,0.0281814086,0.0279289138,0.0276786813,0.0274306908,0.0271849222,0.0269413556,0.0266999713,0.0264607497,0.0262236714,0.0259887172,0.0257558681,0.0255251053,0.0252964100,0.0250697638,0.0248451482,0.0246225451,0.0244019364,0.0241833043,0.0239666310,0.0237518991,0.0235390911,0.0233281897,0.0231191780,0.0229120389,0.0227067557,0.0225033118,0.0223016907,0.0221018760,0.0219038515,0.0217076013,0.0215131094,0.0213203601,0.0211293378,0.0209400269,0.0207524122,0.0205664784,0.0203822106,0.0201995937,0.0200186130,0.0198392538,0.0196615016,0.0194853420,0.0193107607,0.0191377436,0.0189662767,0.0187963460,0.0186279379,0.0184610386,0.0182956347,0.0181317127,0.0179692595,0.0178082617,0.0176487064,0.0174905807,0.0173338717,0.0171785668,0.0170246533,0.0168721189,0.0167209511,0.0165711377,0.0164226666,0.0162755257,0.0161297032,0.0159851871,0.0158419659,0.0157000279,0.0155593616,0.0154199556,0.0152817987,0.0151448795,0.0150091871,0.0148747105,0.0147414387,0.0146093610,0.0144784667,0.0143487451,0.0142201858,0.0140927783,0.0139665124,0.0138413777,0.0137173642,0.0135944618,0.0134726606,0.0133519506,0.0132323222,0.0131137656,0.0129962713,0.0128798296,0.0127644312,0.0126500667,0.0125367269,0.0124244026,0.0123130847,0.0122027641,0.0120934319,0.0119850794,0.0118776976,0.0117712779,0.0116658117,0.0115612905,0.0114577057,0.0113550490,0.0112533121,0.0111524866,0.0110525646,0.0109535378,0.0108553982,0.0107581380
"Capital",341.0027556143,422.1744814134,489.5330746551,551.1423375500,610.1238159167,666.7126799135,726.8063492393,791.0745889714,859.3746961129,931.8211495150,1008.3399270626,1089.0301441174,1174.1529791139,1263.6315536875,1357.8585560071,1456.6504650116,1560.3302317770,1669.1301004606,1783.4249434733,1903.4340452736,2029.0955409215,2160.6880169860,2298.0924172172,2441.9406206150,2592.1825314057,2748.0549156312,2910.5051162166,3080.4022842371,3256.5103474382,3438.7770783402,3627.7831818181,3823.7604235535,4025.7391638579,4236.1280571761,4454.2897223081,4680.5966072639,4914.9356223800,5156.6075374073,5405.0034768864,5661.7522877031,5926.7718430240,6201.3483031468,6482.2853463538,6767.4646148961,7067.0851563583,7374.5501630143,7684.8842799531,8000.1596681910,8323.2336905232,8654.1958230820,8991.7661738765,9337.6552698247,9686.6003082785,10041.5508283153,10405.1233817569,10771.0415728533,11144.9712542045,11533.0459196165,11922.1839499189,12322.0901818271,12735.1611845187,13144.4548412878,13563.1597120420,13978.7046318008,14398.9781981251,14838.0311318475,15272.3777618216,15699.9331788475,16120.7300968169,16553.9609707640,16992.9002517929,17437.3652754834,17876.6571992997,18313.1450086013,18743.0511247385,19181.0171522335,19598.8398432183,20012.9659924142,20466.2751747167,20895.4210467611,21310.7727293271,21725.0968819950,22181.3318488738,22651.1995066629,23134.5778705446,23563.1042053779,23996.8505575620,24433.8282612558,24856.9188252179,25243.6333348349,25666.1848886923,26083.2515536921,26568.3490322440,27091.1408541012,27600.6246810087,28080.0149566985,28537.5660781695,29035.3078631684,29525.3921173307,29994.7760566411,30463.5332946086,30940.2955392339,31424.0831568198,31927.4862812808,32418.8654205673,32902.5441244561,33441.8419679973,34005.4093927342,34576.8949292430,35156.2411894818,35770.4558118200,36404.4488621970,37052.2426254115,37697.0470847160,38345.4039701679,38949.1166043239,39550.0598811378,40186.2965398449,40836.8200099917,41472.7449273938,42106.0650885977,42726.9741348837,43389.3592750053,44064.7499937767,44730.0215087474,45403.0028768788,46018.1675076422,46657.4505997590,47314.4609729457,47989.0355290785,48694.3538729067,49448.0120706735,50168.8092028110,50916.8331638835,51662.7249098182,52411.4591088167,53172.3071810267,53968.8444147494,54824.9603116111,55675.7031889269,56505.2935183886,57348.5289700450,58203.9938476290,59068.7653427164,59935.4996462839,60790.1481363127,61585.8115199349,62204.2458904348,62309.4989493944,60929.6625863979,55064.7506914162,57768.1689601963,60186.0269582149,62368.3500360505,64357.9434646958,66190.1269083451,67896.3486673308,69501.0172081750,71025.3307781053,72486.9099251663
"s",0.4366847380,0.4027086102,0.3884911131,0.3813593717,0.3755279696,0.3745071000,0.3735772672,0.3723221215,0.3711681831,0.3697395150,0.3684186419,0.3673207841,0.3659669422,0.3650217211,0.3636984393,0.3626941602,0.3617457365,0.3609792911,0.3602076669,0.3592606786,0.3584447805,0.3574337491,0.3567654388,0.3558951316,0.3545855670,0.3538405275,0.3533258426,0.3520987020,0.3509820360,0.3500909004,0.3492010682,0.3478989635,0.3474118498,0.3463250338,0.3452809350,0.3442543369,0.3432226873,0.3421787472,0.3416104598,0.3409137150,0.3404979460,0.3392999207,0.3378652741,0.3385841447,0.3375128497,0.3358559158,0.3348367726,0.3342625464,0.3336171029,0.3327895796,0.3322819922,0.3309893592,0.3303222646,0.3299405273,0.3287045592,0.3283866441,0.3286504084,0.3272396571,0.3272676442,0.3273116036,0.3255405714,0.3255278032,0.3240349709,0.3236063863,0.3243246466,0.3226697897,0.3213298148,0.3201042619,0.3205011899,0.3200515718,0.3197040673,0.3185715477,0.3178189818,0.3168072096,0.3169119798,0.3149200800,0.3144623518,0.3166098793,0.3141289729,0.3131310627,0.3128387010,0.3149860876,0.3149147731,0.3151190249,0.3114797452,0.3119778199,0.3117749320,0.3106968798,0.3086550035,0.3105914332,0.3097399182,0.3129221230,0.3138435603,0.3125201035,0.3108890161,0.3098440105,0.3115895967,0.3106452536,0.3095347760,0.3094285631,0.3095460039,0.3095549746,0.3100860664,0.3092223392,0.3087809921,0.3108152429,0.3111256514,0.3109995741,0.3109758712,0.3119446617,0.3121468356,0.3122145429,0.3117213351,0.3115723435,0.3097605363,0.3096941445,0.3106398226,0.3106558375,0.3098662045,0.3096359677,0.3090479888,0.3101669192,0.3101114817,0.3095193861,0.3095789023,0.3076792195,0.3084673474,0.3086628425,0.3088756940,0.3094339231,0.3103759454,0.3090659326,0.3097174832,0.3093300479,0.3092079575,0.3092961062,0.3099154348,0.3109852336,0.3103688462,0.3096680349,0.3098527224,0.3098611788,0.3098078927,0.3096036805,0.3091283525,0.3077214160,0.3040546068,0.2940048573,0.2657474275,0.1817473834,0.3068450039,0.3068450039,0.3068450039,0.3068450039,0.3068450039,0.3068450039,0.3068450039,0.3068450039,0.3068450039,0.3068450039
"I",57.8611575235,60.5892925683,64.7575753755,69.4470172809,73.9774727034,80.2576018608,87.0775867920,94.2271069176,101.7789986829,109.6807696887,117.9834457629,126.7500013508,135.8913439712,145.5570511230,155.5905258941,166.1440142612,177.2164538317,188.8763667458,201.1057538272,213.8307073057,227.1591225514,240.9836176115,255.5437494879,270.6692729925,286.1179500788,302.3910275738,319.5480181717,336.9656940764,354.9270116859,373.6382305694,393.0354946694,412.7392716958,433.7880689079,455.3841228756,477.8064665671,500.9268985616,524.5398228974,548.6121940388,573.8349176843,599.7848084295,626.9105431941,653.8341444533,680.6261991347,711.2011506997,740.8816946764,769.6124037052,799.2930093684,830.3724308040,862.1861542302,894.2858062832,927.5525763562,959.8165388588,993.3397345268,1028.2776093050,1061.9022091842,1097.6273158648,1136.1206251005,1171.5311581728,1210.2726941121,1250.7858139889,1286.8407792579,1326.9507109144,1363.7204005741,1402.8341738474,1447.0586751381,1485.1510222349,1522.1232634932,1558.4929364790,1600.6495767282,1641.6875680353,1683.1803306421,1721.6059711574,1760.3539701039,1797.5894711561,1839.1109607664,1871.9594464134,1908.4705822360,1958.9409887489,1991.8354814642,2026.0035954128,2063.1811874385,2114.5787406332,2160.3361962779,2207.2844767291,2232.6656459169,2273.1158639472,2313.3747349310,2348.2193409208,2374.3131704170,2421.1920625325,2457.5342566118,2517.8862165341,2574.2714698651,2617.0609994563,2653.0531880810,2689.0783915788,2743.8073973943,2786.2175616936,2823.5884010357,2865.7805164391,2910.7932558214,2956.2025695728,3006.4432199864,3047.9093071712,3089.7304109542,3151.9624337563,3208.7688660214,3262.3171606466,3316.5615953546,3380.5186615626,3442.5955251267,3504.4664682899,3561.9874035970,3621.4188818033,3665.1057033572,3718.7179588619,3784.7676288318,3847.0032774816,3900.9010467033,3957.4780121759,4010.5508950986,4080.4650435584,4144.6356940993,4202.2729210947,4264.9390656673,4306.4594701325,4370.0688288960,4433.7264952404,4498.9311599337,4570.1156574028,4649.9426991082,4707.0694677633,4781.2570850114,4848.1178444490,4916.4442165198,4988.1178302331,5068.7441599270,5160.5575777529,5236.1023739208,5305.9019645536,5385.3899983799,5465.6387428221,5546.0179425983,5624.7899038145,5699.0562980572,5756.5978428543,5769.3964308008,5654.2012317558,5168.6792840965,3549.0088886441,5875.3219020513,6024.3439287439,6164.2454611706,6297.1387628050,6424.3953741940,6547.9153837157,6668.1930098969,6786.3630777819,6903.1479293092,7018.7563878078
"Y gross net",132.5821306646,150.9764005434,168.2455309101,185.4808089298,203.1546330537,221.2612095233,240.5360622297,261.0245875750,282.6673941292,305.6202015282,329.7467312963,355.1003232451,381.8930550237,409.8677381931,439.4453218324,470.2578216412,502.5934672165,536.4525879232,572.0362540516,609.4323605899,648.4596441482,689.4060375541,731.9327085601,776.6233285807,823.4233095657,871.4954776556,921.6568788306,974.6248879610,1029.1524719418,1085.4377056686,1143.9130257639,1204.8664202416,1266.9685238080,1332.6995526916,1400.6246351754,1470.8774619985,1543.3645416920,1618.0268065041,1694.3351810412,1773.7492371897,1855.4181286675,1941.1155289369,2028.4074984553,2114.1786972855,2208.5461240266,2304.6526284215,2399.9587266934,2496.7028839497,2596.5215152019,2699.0466769548,2802.8954296925,2910.9060544583,3017.8634695818,3126.8470946873,3240.4857623061,3352.0183970349,3466.0812958048,3588.8423845771,3706.5505332814,3829.4793629817,3960.6993907596,4083.7322669922,4215.6757309155,4341.8046014409,4468.2554311045,4608.9168617767,4742.8954388269,4874.3820774291,4999.6187636588,5134.6115619898,5269.7336994629,5408.8431269367,5543.3359267854,5678.3452690672,5807.2752772009,5948.0928528557,6072.6512713346,6190.6938488952,6344.1074158451,6473.2604351012,6597.9816441673,6716.0303887210,6862.7041999020,7007.0950583581,7170.2845877656,7288.3435296822,7422.0596001317,7559.7964539598,7694.1682598015,7797.0488865790,7935.7369923356,8047.8417643647,8203.8135543205,8375.4070057061,8535.0541152330,8680.0454003040,8807.0103372262,8970.2504307133,9123.1089451979,9262.5445769948,9404.3981072613,9550.7723800189,9696.3942063820,9857.5335955601,10007.0217784636,10141.7151756175,10314.1467095654,10490.4761607052,10665.6771132361,10837.5518695323,11029.3755866860,11225.1251700227,11427.3861394888,11623.5726572048,11832.5675481001,12008.1940654295,12184.2411631755,12383.9286845580,12589.4047509689,12781.4672007821,12977.4956944516,13156.0707208427,13365.3337655632,13577.0998907132,13776.8982812863,13996.8909316186,14167.3262855056,14364.5768955057,14565.7686968501,14769.5273623456,14981.8843033282,15230.2121791815,15437.6955414958,15673.1681762623,15900.3193892059,16127.5102151603,16355.4289493662,16594.3922303391,16870.7439028371,17134.3178571087,17380.6328078134,17639.1346430518,17901.6106049607,18167.8405289579,18436.0145923775,18707.2922660476,18974.9829629012,19231.7676698779,19449.6961602623,19527.2501809453,19147.6135325393,19633.2693907613,20089.2017289013,20522.2944116912,20937.0172884022,21339.5627319710,21731.5413997309,22116.6516733410,22497.1820978255,22873.9470997530
"damages",0.5114437228,0.6091699470,0.7281165095,0.8758705241,1.0375580147,1.1759321821,1.2986387864,1.4223272997,1.5460895577,1.6733581083,1.8072337003,1.9453183451,2.0827791912,2.2236003136,2.3701080748,2.5181365732,2.6688732675,2.8212087251,2.9745753554,3.1272686317,3.2761719828,3.4195644646,3.5522387338,3.6768697864,3.7919100945,3.8956684221,3.9878895933,4.0686066705,4.1225633221,4.1500500812,4.1546473808,4.1366946151,4.0916771673,4.0301277031,3.9560761688,3.8886200851,3.8517008869,3.8539081727,3.8806260812,3.9163026216,3.9454954003,3.9642151860,3.9639064817,3.9377019174,3.9051420162,3.8556296486,3.7864742203,3.7038927194,3.6129881772,3.5153949726,3.4112471264,3.3057376847,3.1947292031,3.0830854898,2.9748709563,2.8650195185,2.7584573012,2.6608256511,2.5624032936,2.4705753784,2.3878891192,2.3046171799,2.2303718742,2.1581313562,2.0908587714,2.0351958681,1.9819201536,1.9323064567,1.8852877828,1.8468432515,1.8136370139,1.7865330255,1.7627324846,1.7437737358,1.7279443791,1.7206353768,1.7143794287,1.7118521465,1.7134707783,1.7072146877,1.7034507465,1.7031937324,1.7156448053,1.7340175496,1.7637658267,1.7907908481,1.8304204025,1.8829472534,1.9500390084,2.0295243158,2.1454710335,2.2594860614,2.3859516434,2.5161869867,2.6416231942,2.7611230902,2.8734708662,2.9966805228,3.1159096677,3.2300654439,3.3446499690,3.4605840379,3.5760814524,3.6972699560,3.8140962888,3.9251340353,4.0507540775,4.1780993126,4.3051741537,4.4310291701,4.5652145340,4.7012813798,4.8403411935,4.9770550222,5.1194701743,5.2475376139,5.3757043228,5.5142898672,5.6555314815,5.7907654849,5.9277503654,6.0566438600,6.1995702036,6.3436548163,6.4820887082,6.6299682540,6.7542068014,6.8909761100,7.0294609137,7.1690127468,7.3125820659,7.4736547175,7.6146004261,7.7692171316,7.9196074643,8.0698809443,8.2203700646,8.3762743445,8.5510036435,8.7192433531,8.8786099215,9.0440872948,9.2115050981,9.3807581173,9.5509156800,9.7225779598,9.8922603984,10.0561080347,10.1994046734,10.2685883790,10.0960141994,10.3789425956,10.6465617020,10.9023789472,11.1486596500,11.3886169276,11.6230478061,11.8538794907,12.0823015391,12.3087223785
"damfrac",0.0038427379,0.0040186539,0.0043090536,0.0046999685,0.0050812816,0.0052865820,0.0053699439,0.0054194857,0.0054398881,0.0054454708,0.0054507980,0.0054483744,0.0054242455,0.0053958919,0.0053644756,0.0053262788,0.0052821536,0.0052314960,0.0051730771,0.0051052477,0.0050268405,0.0049356786,0.0048297912,0.0047121221,0.0045839462,0.0044502031,0.0043082290,0.0041571817,0.0039898025,0.0038088259,0.0036188175,0.0034215748,0.0032191057,0.0030149160,0.0028165531,0.0026367708,0.0024894393,0.0023761971,0.0022851195,0.0022030593,0.0021219601,0.0020380733,0.0019503849,0.0018590583,0.0017650748,0.0016701823,0.0015752394,0.0014813161,0.0013895390,0.0013007638,0.0012155646,0.0011343505,0.0010574868,0.0009850333,0.0009171904,0.0008539848,0.0007952104,0.0007408668,0.0006908399,0.0006447306,0.0006025326,0.0005640226,0.0005287865,0.0004968117,0.0004677174,0.0004413830,0.0004176968,0.0003962637,0.0003769442,0.0003595558,0.0003440426,0.0003301895,0.0003178902,0.0003069976,0.0002974597,0.0002891915,0.0002822318,0.0002764438,0.0002700156,0.0002636638,0.0002581109,0.0002535370,0.0002499330,0.0002474047,0.0002459222,0.0002456458,0.0002465581,0.0002490118,0.0002533796,0.0002602262,0.0002702825,0.0002806780,0.0002907499,0.0003003354,0.0003094070,0.0003179989,0.0003261644,0.0003339572,0.0003414237,0.0003486018,0.0003555210,0.0003622043,0.0003686693,0.0003749299,0.0003809968,0.0003868789,0.0003925835,0.0003981169,0.0004034847,0.0004086918,0.0004137429,0.0004186424,0.0004233944,0.0004280031,0.0004324722,0.0004368055,0.0004410068,0.0004450797,0.0004490277,0.0004528544,0.0004565630,0.0004601569,0.0004636394,0.0004670137,0.0004702829,0.0004734501,0.0004765182,0.0004794901,0.0004823686,0.0004851567,0.0004878568,0.0004904718,0.0004930040,0.0004954562,0.0004978306,0.0005001296,0.0005023556,0.0005045107,0.0005065972,0.0005086172,0.0005105727,0.0005124658,0.0005142983,0.0005160722,0.0005177893,0.0005194513,0.0005210601,0.0005226172,0.0005241243,0.0005255830,0.0005269948,0.0005283613,0.0005296837,0.0005309635,0.0005322022,0.0005334009,0.0005345610,0.0005356837,0.0005367702,0.0005378216
"abatement",0.0811465834,0.5219751034,1.5555522078,3.3769393890,6.1587267692,6.9592594269,7.4448266859,7.9450592036,8.4547775242,8.9768479496,9.5038544971,10.0340845524,10.5716915388,11.1050270961,11.6444046724,12.1748621954,12.7011590730,13.2193404393,13.7312196911,14.2358359759,14.7243105697,15.2010464755,15.6532664647,16.0923491366,16.5152549266,16.8985501931,17.2565218550,17.6043362539,17.9126497383,18.1770880428,18.3852699443,18.4895839988,18.3407951090,17.7956951622,16.8052053299,15.7704529374,15.0861316704,14.7355487654,14.5420094622,14.4043293355,14.2600524522,14.1061060277,13.9175486184,13.6634726583,13.4246777732,13.1568785928,12.8463342410,12.5106235011,12.1631394030,11.8056658985,11.4333639063,11.0649805945,10.6797552568,10.2926729510,9.9184354593,9.5337505154,9.1538252584,8.8020907970,8.4376409000,8.0877589055,7.7642047286,7.4269627382,7.1163996516,6.8030896999,6.4956164782,6.2206393208,5.9454472085,5.6779650559,5.4108573554,5.1645829760,4.9263260242,4.7008430391,4.4786806315,4.2652079704,4.0520537748,3.8563139397,3.6558218903,3.4548618524,3.2867557257,3.1147466715,2.9498245578,2.7855065006,2.6379818096,2.4894885969,2.3525456909,2.1977883330,2.0443979503,1.8855335797,1.7182970249,1.6244030248,1.5505588680,1.4748517940,1.4102069412,1.3505203466,1.2910991580,1.2318656580,1.1727023174,1.1207574474,1.0696151454,1.0191131417,0.9710917281,0.9256240051,0.8820696984,0.8417575957,0.8021938455,0.7632575477,0.7287988603,0.6960071126,0.6644776358,0.6340534917,0.6060070415,0.5792675265,0.5538922638,0.5292215826,0.5060873470,0.4825049437,0.4599695641,0.4392628732,0.4196000724,0.4003171314,0.3819761286,0.3639335524,0.3475000956,0.3318103737,0.3164978608,0.3022844383,0.2876507073,0.2742155829,0.2614464792,0.2492839896,0.2377939944,0.2273396860,0.2167278823,0.2069570515,0.1974915221,0.1884330662,0.1797739932,0.1716047568,0.1641470591,0.1568644039,0.1497302809,0.1429998267,0.1365815963,0.1304586385,0.1246044619,0.1190150860,0.1136382342,0.1084280635,0.1032385991,0.0975898107,0.0901030337,0.0869973420,0.0838285223,0.0806488062,0.0774919906,0.0743917077,0.0713597847,0.0684121595,0.0000000000,0.0000000000
"sigma",0.3238765098,0.3094394085,0.2956701076,0.2825366411,0.2700086229,0.2580571660,0.2466548065,0.2357754316,0.2253942107,0.2154875307,0.2060329346,0.1970090627,0.1883955981,0.1801732135,0.1723235217,0.1648290290,0.1576730895,0.1508398635,0.1443142770,0.1380819835,0.1321293277,0.1264433113,0.1210115606,0.1158222950,0.1108642984,0.1061268905,0.1015999011,0.0972736447,0.0931388964,0.0891868698,0.0854091953,0.0817978995,0.0783453860,0.0750444173,0.0718880967,0.0688698523,0.0659834209,0.0632228332,0.0605823993,0.0580566957,0.0556405518,0.0533290384,0.0511174554,0.0490013213,0.0469763625,0.0450385035,0.0431838571,0.0414087158,0.0397095428,0.0380829643,0.0365257617,0.0350348638,0.0336073404,0.0322403951,0.0309313594,0.0296776865,0.0284769454,0.0273268158,0.0262250826,0.0251696311,0.0241584423,0.0231895884,0.0222612287,0.0213716052,0.0205190389,0.0197019265,0.0189187361,0.0181680048,0.0174483349,0.0167583908,0.0160968969,0.0154626339,0.0148544368,0.0142711924,0.0137118364,0.0131753518,0.0126607666,0.0121671513,0.0116936175,0.0112393158,0.0108034339,0.0103851953,0.0099838573,0.0095987095,0.0092290728,0.0088742973,0.0085337615,0.0082068708,0.0078930564,0.0075917741,0.0073025032,0.0070247453,0.0067580236,0.0065018818,0.0062558831,0.0060196093,0.0057926604,0.0055746532,0.0053652210,0.0051640125,0.0049706917,0.0047849364,0.0046064384,0.0044349025,0.0042700457,0.0041115973,0.0039592977,0.0038128984,0.0036721613,0.0035368582,0.0034067704,0.0032816886,0.0031614120,0.0030457482,0.0029345128,0.0028275292,0.0027246279,0.0026256465,0.0025304294,0.0024388273,0.0023506972,0.0022659018,0.0021843095,0.0021057942,0.0020302348,0.0019575153,0.0018875243,0.0018201550,0.0017553051,0.0016928761,0.0016327739,0.0015749079,0.0015191913,0.0014655407,0.0014138763,0.0013641213,0.0013162020,0.0012700477,0.0012255906,0.0011827655,0.0011415098,0.0011017635,0.0010634689,0.0010265707,0.0009910157,0.0009567528,0.0009237329,0.0008919090,0.0008612357,0.0008316697,0.0008031692,0.0007756940,0.0007492056,0.0007236670,0.0006990425,0.0006752980,0.0006524005,0.0006303186,0.0006090218,0.0005884810
"Forcings",2.7250518260,2.8230421578,2.9614588736,3.0734344728,3.0968843807,3.0872237401,3.0840507100,3.0772207052,3.0698799265,3.0659540859,3.0593696029,3.0440268258,3.0299082698,3.0156820038,2.9990354114,2.9806931991,2.9603094168,2.9373447589,2.9111492579,2.8813611770,2.8470571451,2.8074917885,2.7643047683,2.7176568613,2.6696607499,2.6180744279,2.5624756051,2.4988771236,2.4294215704,2.3560792388,2.2787827839,2.1978791325,2.1147048835,2.0331165788,1.9601894075,1.9035202846,1.8622909910,1.8278438961,1.7930431743,1.7550460529,1.7132733269,1.6681003356,1.6199828894,1.5695909853,1.5179868330,1.4653267290,1.4121295886,1.3590138817,1.3064078035,1.2545936960,1.2038224186,1.1544048205,1.1063931956,1.0601053238,1.0156771606,0.9730296671,0.9324158005,0.8939165370,0.8572619217,0.8227953889,0.7904565537,0.7599399140,0.7315971673,0.7050785503,0.6805321988,0.6580360941,0.6371528102,0.6179686916,0.6003947402,0.5845575735,0.5702184627,0.5573883152,0.5459466589,0.5359584477,0.5273677931,0.5203668662,0.5147159458,0.5067681241,0.4990416350,0.4929023852,0.4883159850,0.4850816088,0.4834035004,0.4831535318,0.4846858031,0.4878547459,0.4933911828,0.5018248949,0.5139789852,0.5307921083,0.5456002398,0.5587165584,0.5706339793,0.5816263736,0.5918818492,0.6015325413,0.6106724744,0.6193696051,0.6276739980,0.6356233806,0.6432469239,0.6505678183,0.6576050328,0.6643745202,0.6708900434,0.6771637467,0.6832065502,0.6890284255,0.6946385895,0.7000456417,0.7052576631,0.7102822887,0.7151267611,0.7197979714,0.7243024914,0.7286465990,0.7328362993,0.7368773421,0.7407752371,0.7445352674,0.7481625015,0.7516618039,0.7550378451,0.7582951108,0.7614379106,0.7644703856,0.7673965161,0.7702201290,0.7729449039,0.7755743798,0.7781119611,0.7805609229,0.7829244172,0.7852054771,0.7874070223,0.7895318639,0.7915827081,0.7935621612,0.7954727333,0.7973168421,0.7990968167,0.8008149011,0.8024732577,0.8040739701,0.8056190465,0.8071104226,0.8085499644,0.8099394707,0.8112806759,0.8125752524,0.8138248129,0.8150309127,0.8161950519,0.8173186773,0.8184031846,0.8194499202,0.8204601832,0.8214352268,0.8223762603,0.9037278101
"Other Forcings",0.3014175102,0.3043975684,0.3694627413,0.4316496766,0.4303722539,0.4229293400,0.4196600164,0.4109054289,0.4017344020,0.3969823189,0.3911596024,0.3786342759,0.3697980669,0.3636949407,0.3583125653,0.3546318837,0.3525449427,0.3517070583,0.3516354674,0.3521179573,0.3523723159,0.3517608112,0.3520327036,0.3534043101,0.3580704549,0.3638690299,0.3703426887,0.3735067816,0.3755910680,0.3784661008,0.3818485770,0.3855507618,0.3894377520,0.3934122592,0.3974043167,0.4013637127,0.4052547357,0.4090520812,0.4127380634,0.4163004786,0.4197296241,0.4230035119,0.4260896214,0.4289950513,0.4318163377,0.4345721392,0.4372651339,0.4398977236,0.4424723603,0.4449914946,0.4474575110,0.4498727203,0.4522393474,0.4545595738,0.4568355064,0.4590691948,0.4612626158,0.4634209219,0.4655748319,0.4677436665,0.4699322579,0.4721426368,0.4743754579,0.4766307699,0.4789084231,0.4812082653,0.4835302251,0.4858743398,0.4882407563,0.4906297200,0.4930415601,0.4954766742,0.4979355140,0.5004185738,0.5029263798,0.5054594823,0.5080184489,0.5067368796,0.5038798780,0.5014692435,0.4993947924,0.4975750169,0.4959512802,0.4944810018,0.4931329892,0.4918841982,0.4907174564,0.4896198489,0.4885815642,0.4875950639,0.4866544818,0.4857551886,0.4848934744,0.4840663170,0.4832712121,0.4825060487,0.4817690171,0.4810585412,0.4803732282,0.4797118304,0.4790732179,0.4784563568,0.4778602935,0.4772841417,0.4767270736,0.4761883119,0.4756671241,0.4751628175,0.4746747356,0.4742022548,0.4737447817,0.4733017506,0.4728726221,0.4724568807,0.4720540336,0.4716636094,0.4712851569,0.4709182437,0.4705624555,0.4702173948,0.4698826807,0.4695579471,0.4692428430,0.4689370311,0.4686401872,0.4683520001,0.4680721704,0.4678004102,0.4675364428,0.4672800020,0.4670308314,0.4667886845,0.4665533240,0.4663245212,0.4661020562,0.4658857169,0.4656752991,0.4654706060,0.4652714481,0.4650776427,0.4648890135,0.4647053908,0.4645266107,0.4643525155,0.4641829527,0.4640177754,0.4638568420,0.4637000157,0.4635471645,0.4633981611,0.4632528826,0.4631112103,0.4629730298,0.4628382304,0.4627067055,0.4625783520,0.4624530702,0.4623307641,0.4622113408,0.4620947106
"Period utilty",5.9841175235,7.1878231395,8.0409211728,8.7403688025,9.3803999540,10.0582257568,10.7862186852,11.5587812452,12.3697905839,13.2257814415,14.1224077861,15.0577540567,16.0425428825,17.0655840558,18.1434819686,19.2645293409,20.4338769371,21.6501193816,22.9191562470,24.2486571536,25.6323923737,27.0812844163,28.5807037891,30.1481752117,31.7984019636,33.4967150022,35.2502293334,37.1026134462,39.0287873120,41.0200976872,43.0871939865,45.2570665350,47.4727986999,49.8085103062,52.2432829891,54.7655328108,57.3650398245,60.0424995890,62.7693507974,65.5882002285,68.4783052067,71.5239302215,74.7016158083,77.7978261833,81.1239695497,84.6348812264,88.2083510931,91.8390064313,95.5783218908,99.4495465001,103.4014646709,107.5575167551,111.7718759120,116.0584272432,120.5714118834,125.1007792187,129.6493441901,134.5501157431,139.3989767997,144.3386341199,149.6990779816,154.9486790679,160.5508647952,166.1387998374,171.6196327894,177.6516201086,183.8409100362,190.1615293033,196.2820826726,202.6690256776,209.1978413722,216.0582483593,223.0139626943,230.1810658533,237.2279707964,244.9365948018,252.4832651768,259.3954092959,267.6461382442,275.8342346096,283.9373523727,291.3836234304,299.5382289472,307.8438244189,317.6238662878,326.3740194081,335.3336191756,344.7884765176,354.8448245598,363.6027479440,373.3681030409,381.7750939444,390.9896487034,401.4250825904,412.3560791563,423.2682618044,433.0267651697,443.9853886621,455.3743756523,466.4872129851,477.5770205788,488.8516179686,500.0078829872,512.0360305863,524.1211790988,534.9301208825,546.6329919135,558.8675935465,571.2601441778,583.1846551706,595.6332457011,608.3799329141,621.6801836723,634.9769768780,649.5717701117,663.3084999168,676.2993730365,689.9627187073,704.4724245384,718.8349195368,733.5890671120,747.1746440281,761.6262632170,776.7906747763,791.6550084644,808.2922060688,823.0181507688,838.0655349036,853.2607128013,868.2672957084,882.9761084540,899.9014758569,915.4077512636,931.8190721804,948.2299013767,964.5373827228,980.3739034262,995.7373464315,1012.9340046668,1030.6452200497,1047.5698633772,1064.6665710348,1081.9638173868,1099.5737295819,1117.6657672412,1137.0869685195,1159.6684592090,1190.9986617890,1247.2643538444,1379.2079845591,1172.7458320898,1200.5377400068,1226.5807401288,1251.2451315025,1274.8438152807,1297.5570583109,1319.6181899460,1341.1453200678,1362.2592188402,1383.0712094201
"Consumption",74.6398265577,89.8651328718,101.9324033268,112.6568522599,123.0184335811,134.0443482355,146.0136487518,158.8524214538,172.4336179222,186.9625838899,202.2594310363,218.3162373420,235.4300195137,253.2056599740,272.2103912658,291.9389451846,312.6758543118,334.3568807380,357.1992805333,381.3658173084,406.5762110271,433.2213734671,460.7356926075,489.8617064516,520.7901045603,552.2058998887,584.8523388039,620.0548576307,656.3128105176,693.6223870564,732.4922611502,773.6375645470,814.8396597911,859.5197346539,906.0129632784,954.1801104995,1003.7385871242,1054.6790636998,1105.9582538948,1159.5600994247,1214.2475330211,1273.1752784559,1333.8637507022,1389.3140739275,1454.2397515771,1521.8833461235,1587.8193830840,1653.8198296446,1722.1722215686,1792.9552047731,1863.9094894300,1940.0245350050,2013.8439797982,2088.2768124313,2168.6651176625,2244.8573306546,2320.8068454460,2408.5091356072,2487.8401982693,2570.6057900873,2666.0944067732,2749.3545933396,2844.8389306899,2932.1673378935,3014.7011394882,3117.5452002210,3214.8267281251,3310.2111758942,3393.5583295752,3487.7594109785,3581.6270427966,3682.5363127402,3778.5032760499,3876.4905899407,3964.1122626597,4072.2770925027,4160.5248672083,4228.2979982939,4348.9851786552,4444.1420930170,4531.8506321709,4598.6661415872,4699.7300218145,4797.3210930322,4935.2663961577,5013.0298774021,5106.6404672503,5209.6915794594,5318.1367923596,5374.2324210216,5476.6521768558,5528.4806960366,5628.1318775142,5756.9954859032,5880.7098279940,5989.7351430672,6062.0302375145,6182.9121115723,6298.4509290168,6395.7449474140,6492.6337597118,6593.6441864410,6689.0689166972,6808.7825307932,6916.4891736640,6988.9894843136,7104.6490446838,7227.4629929460,7348.4510402458,7456.3991544781,7586.1740545179,7720.0794342063,7864.8448436280,8001.6245538189,8166.9557573959,8288.9936016240,8399.0135647797,8536.4861442032,8688.0841041933,8823.5888714748,8966.5628232244,9075.2417437320,9220.3505713684,9374.4951592448,9511.6427177582,9690.1291770478,9796.9698059023,9930.5761846824,10066.5760904372,10199.1624209532,10331.7038102256,10522.9153717322,10656.2217286021,10824.8433747618,10983.6776811640,11139.2039518609,11286.5050154459,11433.6630478294,11634.4773818572,11828.2590281511,11995.0930791525,12173.3529004030,12355.4560807661,12542.9201665049,12736.8336898584,12950.5754081072,13205.4728938663,13577.4580100586,14280.9136375667,15978.1437024905,13272.2015274543,13608.8384646754,13924.8724392084,14225.0750000800,14512.5444222176,14791.5729565476,15063.2770300492,15330.2201833997,15594.0341685164,15855.1907119452
"Land emissions",3.0491255558,2.6832252697,2.2453668364,1.7582865375,1.2312857696,0.9841649650,0.7719207275,0.5556779188,0.3353639452,0.1111889133,-0.1169356324,-0.3487567429,-0.5840685814,-0.8227776081,-1.0645951910,-1.3093566439,-1.5567116722,-1.8063718555,-2.0581117675,-2.3117842352,-2.5670056683,-2.8236833710,-3.0812243988,-3.3397246216,-3.5990500121,-3.8579064842,-4.1160248788,-4.3730041883,-4.6242329721,-4.8598235900,-5.0530022672,-5.1332258693,-4.9377483564,-4.2225627260,-2.9446165311,-1.6110883224,-0.7310716582,-0.2997256564,-0.1174463283,-0.0451635217,-0.0172251987,-0.0065440782,-0.0024801660,-0.0009379575,-0.0003543500,-0.0001337033,-0.0000503831,-0.0000189649,-0.0000071322,-0.0000026800,-0.0000010062,-0.0000003776,-0.0000001416,-0.0000000530,-0.0000000199,-0.0000000074,-0.0000000028,-0.0000000010,-0.0000000004,-0.0000000001,0.0000000000,0.0000000000,0.0000000000,0.0000000000,0.0000000000,0.0000000000,0.0000000000,0.0000000000,0.0000000000,0.0000000000,0.0000000000,0.0000000000,0.0000000000,0.0000000000,0.0000000000,0.0000000000,0.0000000000,0.0000000000,0.0000000000,0.0000000000,0.0000000000,0.0000000000,0.0000000000,0.0000000000,0.0000000000,0.0000000000,0.0000000000,0.0000000000,0.0000000000,0.0000000000,0.0000000000,0.0000000000,0.0000000000,0.0000000000,0.0000000000,0.0000000000,0.0000000000,0.0000000000,0.0000000000,0.0000000000,0.0000000000,0.0000000000,0.0000000000,0.0000000000,0.0000000000,0.0000000000,0.0000000000,0.0000000000,0.0000000000,0.0000000000,0.0000000000,0.0000000000,0.0000000000,0.0000000000,0.0000000000,0.0000000000,0.0000000000,0.0000000000,0.0000000000,0.0000000000,0.0000000000,0.0000000000,0.0000000000,0.0000000000,0.0000000000,0.0000000000,0.0000000000,0.0000000000,0.0000000000,0.0000000000,0.0000000000,0.0000000000,0.0000000000,0.0000000000,0.0000000000,0.0000000000,0.0000000000,0.0000000000,0.0000000000,0.0000000000,0.0000000000,0.0000000000,0.0000000000,0.0000000000,0.0000000000,0.0000000000,0.0000000000,0.0000000000,0.0000000000,0.0000000000,0.0000000000,0.0000000000,0.0000000000,0.0000000000,0.0000000000,0.0000000000,0.0000000000,0.0000000000,0.0000000000,0.0000000000
"Cumulative ind emissions",478.6667000000,508.6667000002,535.5509121879,558.0494802129,575.2937783357,586.5793239798,596.8452013606,606.7068825520,616.0938041630,624.9341217268,633.1596985618,640.7008369992,647.4923031969,653.4724957464,658.5814639453,662.7643506105,665.9692047580,668.1502569721,669.2668272196,669.2822123446,668.1623026199,665.8797464216,662.4087949629,657.7340665202,651.8382052406,644.7054003741,636.3403077514,626.7455058906,615.9110570289,603.8525392410,590.6022454676,576.2288428201,560.9042057994,545.0878152824,529.6134811753,515.4814527462,502.9040066858,491.1527859402,479.4450595235,467.3741145044,454.7934145943,441.7009124162,428.1268017435,414.1395066916,399.8664106532,385.3320232214,370.6082510328,355.7911291640,340.9586030609,326.1697046340,311.4783228044,296.9470069235,282.6043931456,268.5111457605,254.7073131325,241.2008692886,228.0387981025,215.2490882632,202.8060453680,190.7575527546,179.1090064747,167.8275256497,156.9593587228,146.4690562127,136.3747071641,126.6918192371,117.3687268196,108.4102222458,99.8048189864,91.5675065338,83.6702232378,76.1106983038,68.8726001622,61.9616579325,55.3716697005,49.1277349995,43.2050304556,37.6308818402,32.4457076727,27.5750524730,23.0197046305,18.7644078581,14.8416780475,11.2479528255,8.0371117541,5.2082296955,2.8674164587,1.1157827717,0.1004727222,0.0000000000,0.0000000000,0.0000000000,0.0000000000,0.0000000000,0.0000000000,0.0000000000,0.0000000000,0.0000000000,0.0000000000,0.0000000000,0.0000000000,0.0000000000,0.0000000000,0.0000000000,0.0000000000,0.0000000000,0.0000000000,0.0000000000,0.0000000000,0.0000000000,0.0000000000,0.0000000000,0.0000000000,0.0000000000,0.0000000000,0.0000000000,0.0000000000,0.0000000000,0.0000000000,0.0000000000,0.0000000000,0.0000000000,0.0000000000,0.0000000000,0.0000000000,0.0000000000,0.0000000000,0.0000000000,0.0000000000,0.0000000000,0.0000000000,0.0000000000,0.0000000000,0.0000000000,0.0000000000,0.0000000000,0.0000000000,0.0000000000,0.0000000000,0.0000000000,0.0000000000,0.0000000000,0.0000000000,0.0000000000,0.0000000000,0.0000000000,0.0000000000,0.0000000000,0.0000000000,0.0000000000,0.0000000000,0.0000000000,0.0000000000,0.0000000000,0.0000000000,0.0000000000,0.0000000000,0.0000000000,0.0000000000,11.2243172948
"Cumulative total emissions",712.4115000000,744.9080547675,773.9892308769,798.3262542811,817.0101974946,829.3038919675,840.3755812738,850.8692936286,860.7111917016,869.8260976484,878.1427134408,885.5881076377,892.0940197338,897.5959901915,902.0312867680,905.3425070651,907.4752897246,908.3817417705,908.0192957607,906.3495457049,903.3367995431,898.9524373937,893.1695181094,885.9719530957,877.3416011324,867.2619758412,855.7381169924,842.7732074251,828.3582420336,812.5135072926,795.2841003178,776.7734141545,757.2458083544,737.3865016068,718.4548290232,701.9118154432,688.0152468480,675.6654412294,663.7123062512,651.5451988454,638.9275200694,625.8209142897,612.2414454743,598.2521197188,583.9782557022,569.4435781367,554.7196964748,539.9025333535,525.0699917224,510.2810874558,495.5897034319,481.0583867270,466.7157726400,452.6225251390,438.8186924676,425.3122486075,412.1501774152,399.3604675737,386.9174246776,374.8689320639,363.2203857838,351.9389049588,341.0707380319,330.5804355218,320.4860864732,310.8031985462,301.4801061287,292.5216015549,283.9161982955,275.6788858429,267.7816025469,260.2220776129,252.9839794713,246.0730372416,239.4830490096,233.2391143086,227.3164097647,221.7422611493,216.5570869818,211.6864317821,207.1310839396,202.8757871672,198.9530573566,195.3593321346,192.1484910632,189.3196090046,186.9787957678,185.2271620808,184.2118520313,184.1113793091,184.1113793091,184.1113793091,184.1113793091,184.1113793091,184.1113793091,184.1113793091,184.1113793091,184.1113793091,184.1113793091,184.1113793091,184.1113793091,184.1113793091,184.1113793091,184.1113793091,184.1113793091,184.1113793091,184.1113793091,184.1113793091,184.1113793091,184.1113793091,184.1113793091,184.1113793091,184.1113793091,184.1113793091,184.1113793091,184.1113793091,184.1113793091,184.1113793091,184.1113793091,184.1113793091,184.1113793091,184.1113793091,184.1113793091,184.1113793091,184.1113793091,184.1113793091,184.1113793091,184.1113793091,184.1113793091,184.1113793091,184.1113793091,184.1113793091,184.1113793091,184.1113793091,184.1113793091,184.1113793091,184.1113793091,184.1113793091,184.1113793091,184.1113793091,184.1113793091,184.1113793091,184.1113793091,184.1113793091,184.1113793091,184.1113793091,184.1113793091,184.1113793091,184.1113793091,184.1113793091,184.1113793091,184.1113793091,184.1113793091,184.1113793091,184.1113793091,184.1113793091,184.1113793091,184.1113793091,184.1113793091,195.3356966039
"Atmospheric concentrations Gt",888.4022151619,902.6269524812,913.7645993500,921.4026719040,925.2197837691,924.8767928963,924.8916828897,925.1893339762,925.4724844112,925.6003374838,925.4824608118,925.0466155075,924.2300163180,922.9756647426,921.2390937965,918.9836622331,916.1767426460,912.7937235589,908.8156491414,904.2278113091,899.0184138856,893.1824082006,886.7161601865,879.6257663191,871.9150084012,863.5897019048,854.6738029733,845.1869521133,835.1381047859,824.5636432476,813.5160231871,802.0896446114,790.4991758958,779.2713935452,769.3140323006,761.5552865606,755.8319843986,751.0145477376,746.1975912788,741.0307305367,735.4516481087,729.5186744808,723.3001252134,716.8835887476,710.3899769181,703.8386223645,697.2923976823,690.8234397496,684.4794458508,678.2898097347,672.2793169321,666.4785660462,660.8885668257,655.5394324295,650.4406149753,645.5781811082,640.9743060891,636.6320347227,632.5146864189,628.6523334569,625.0338050374,621.6231915975,618.4536071444,615.4855501589,612.7314599798,610.1965582362,607.8337751526,605.6499290404,603.6341577163,601.7975478766,600.1145171766,598.5848587911,597.1953489404,595.9514514330,594.8466584276,593.8992318066,593.0845986729,592.4239560890,591.9418426329,591.5729487880,591.3245564938,591.1847206318,591.1793465511,591.2999733548,591.5847850923,592.0218914071,592.6857446853,593.6309665280,594.9417432618,596.7148781837,598.2881145929,599.6917086635,600.9743454402,602.1631111531,603.2766635297,604.3281406598,605.3269097706,606.2797517199,607.1916683085,608.0664327567,608.9069653474,609.7155900800,610.4942103136,611.2444292141,611.9676325653,612.6650458894,613.3377740125,613.9868286187,614.6131475742,615.2176086013,615.8010390666,616.3642230866,616.9079067794,617.4328022239,617.9395905182,618.4289242014,618.9014292238,619.3577065913,619.7983337734,620.2238659339,620.6348370280,621.0317607962,621.4151316754,621.7854256420,622.1431010004,622.4885991218,622.8223451416,623.1447486199,623.4562041677,623.7570920424,624.0477787152,624.3286174123,624.5999486307,624.8621006321,625.1153899139,625.3601216605,625.5965901752,625.8250792929,626.0458627760,626.2592046940,626.4653597864,626.6645738116,626.8570838806,627.0431187780,627.2228992692,627.3966383956,627.5645417582,627.7268077897,627.8836280154,628.0351873048,628.1816641126,628.3232307103,628.4600534094,628.5922927754,628.7201038337,628.8436362681,628.9630346109,629.0784384267,629.1899824883,637.8185959770
"Total Emissions GTCO2 per year",39.6891255561,35.5178097549,29.7236179176,22.8193226448,15.0146988496,13.5222232061,12.8163206893,12.0202381798,11.1323384631,10.1573600877,9.0933081126,7.9458873066,6.7197399190,5.4169755521,4.0441037228,2.6048385549,1.1070800987,-0.4426673932,-2.0393214015,-3.6795673123,-5.3547676384,-7.0628720859,-8.7906260702,-10.5405365312,-12.3105823556,-14.0744729406,-15.8344762182,-17.6054777315,-19.3517026971,-21.0428490519,-22.6077180340,-23.8497158839,-24.2548333078,-23.1218827821,-20.2045339191,-16.9723424442,-15.0832292622,-14.5987621866,-14.8600938449,-15.4103916785,-16.0075345256,-16.5850579132,-17.0856298561,-17.4331459190,-17.7516862000,-17.9827674697,-18.0966952255,-18.1154775121,-18.0621817443,-17.9430770212,-17.7475814688,-17.5171126716,-17.2125529479,-16.8590809693,-16.4958701012,-16.0752762828,-15.6204989532,-15.1971030570,-14.7152256456,-14.2267578567,-13.7784485810,-13.2736545401,-12.8121561323,-12.3285649713,-11.8260337882,-11.3866035392,-10.9413202529,-10.5100658475,-10.0605042754,-9.6452153322,-9.2326997860,-8.8401305303,-8.4405641099,-8.0485722940,-7.6259255815,-7.2335964829,-6.8078935089,-6.3328260499,-5.9486935506,-5.5635981650,-5.1971357913,-4.7909606753,-4.3891364046,-3.9215072285,-3.4550079542,-2.8589132332,-2.1393286098,-1.2400320070,-0.1227106848,0.0000000000,0.0000000000,0.0000000000,0.0000000000,0.0000000000,0.0000000000,0.0000000000,0.0000000000,0.0000000000,0.0000000000,0.0000000000,0.0000000000,0.0000000000,0.0000000000,0.0000000000,0.0000000000,0.0000000000,0.0000000000,0.0000000000,0.0000000000,0.0000000000,0.0000000000,0.0000000000,0.0000000000,0.0000000000,0.0000000000,0.0000000000,0.0000000000,0.0000000000,0.0000000000,0.0000000000,0.0000000000,0.0000000000,0.0000000000,0.0000000000,0.0000000000,0.0000000000,0.0000000000,0.0000000000,0.0000000000,0.0000000000,0.0000000000,0.0000000000,0.0000000000,0.0000000000,0.0000000000,0.0000000000,0.0000000000,0.0000000000,0.0000000000,0.0000000000,0.0000000000,0.0000000000,0.0000000000,0.0000000000,0.0000000000,0.0000000000,0.0000000000,0.0000000000,0.0000000000,0.0000000000,0.0000000000,0.0000000000,0.0000000000,0.0000000000,0.0000000000,0.0000000000,0.0000000000,0.0000000000,13.7086328561,13.4681257682
"Airborne fraction since 1750",0.4154640313,0.4164354098,0.4151785646,0.4120894292,0.4073375379,0.4008855314,0.3956217063,0.3910923511,0.3869493347,0.3830414803,0.3792795798,0.3755987137,0.3719441533,0.3682668003,0.3645308507,0.3607063606,0.3567655063,0.3526852725,0.3484450046,0.3440250523,0.3394055823,0.3345689207,0.3294954572,0.3241692966,0.3185693538,0.3126723505,0.3064640178,0.2999218395,0.2930099938,0.2857094433,0.2780077731,0.2699227076,0.2615773006,0.2533956503,0.2462133508,0.2409624990,0.2375109036,0.2347222111,0.2316918466,0.2280883496,0.2238607388,0.2190687622,0.2137706696,0.2080439387,0.2020094316,0.1956607559,0.1890532046,0.1822598937,0.1753263105,0.1682777403,0.1611382459,0.1539474348,0.1467010746,0.1394507951,0.1322180539,0.1249842201,0.1178052257,0.1107049317,0.1036237255,0.0966510397,0.0897883073,0.0829755670,0.0763265294,0.0697702776,0.0633743536,0.0571927731,0.0511241486,0.0452242417,0.0394950917,0.0340130744,0.0287310842,0.0236874497,0.0188726873,0.0143477321,0.0101293057,0.0063384325,0.0029198827,0.0000139562,-0.0022119746,-0.0040055124,-0.0052928073,-0.0060930917,-0.0062402402,-0.0057375711,-0.0043511990,-0.0021073887,0.0014166487,0.0065330867,0.0136846887,0.0233229298,0.0318679551,0.0394915690,0.0464582040,0.0529149788,0.0589632328,0.0646743253,0.0700991346,0.0752744907,0.0802275609,0.0849788394,0.0895441878,0.0939362288,0.0981653006,0.1022401106,0.1061681859,0.1099561827,0.1136101020,0.1171354388,0.1205372869,0.1238204138,0.1269893134,0.1300482444,0.1330012596,0.1358522265,0.1386048445,0.1412626578,0.1438290664,0.1463073345,0.1487005988,0.1510118745,0.1532440619,0.1553999512,0.1574822282,0.1594934779,0.1614361898,0.1633127610,0.1651255008,0.1668766336,0.1685683028,0.1702025737,0.1717814369,0.1733068108,0.1747805449,0.1762044222,0.1775801616,0.1789094208,0.1801937983,0.1814348357,0.1826340201,0.1837927856,0.1849125159,0.1859945459,0.1870401633,0.1880506109,0.1890270877,0.1899707508,0.1908827171,0.1917640642,0.1926158324,0.1934390259,0.1942346139,0.1950035322,0.1957466840,0.1964649414,0.1971591465,0.1978301123,0.1984786237,0.1991054390,0.1997112900,0.2324087984
"alpha",0.3835997870,0.3937586886,0.4062038374,0.4202707226,0.4331898862,0.4410440869,0.4458605358,0.4497663472,0.4528682921,0.4554739407,0.4578980167,0.4599545536,0.4613062062,0.4623364756,0.4630573037,0.4633683817,0.4632758997,0.4627537809,0.4617626724,0.4602545235,0.4581936999,0.4555224891,0.4521889034,0.4482610564,0.4437687066,0.4388318127,0.4333923183,0.4274362793,0.4207911465,0.4135309964,0.4057802129,0.3976053583,0.3891027092,0.3804686172,0.3720873550,0.3645124522,0.3581701836,0.3529777213,0.3484670590,0.3441963648,0.3399080099,0.3354879743,0.3309049238,0.3261663793,0.3213110655,0.3163880031,0.3114274713,0.3064698392,0.3015564098,0.2967195209,0.2919834488,0.2873692612,0.2828937389,0.2785679686,0.2744059804,0.2704131434,0.2665910877,0.2629468144,0.2594779866,0.2561790048,0.2530545241,0.2500972104,0.2472994512,0.2446614026,0.2421731132,0.2398346850,0.2376401289,0.2355758667,0.2336373940,0.2318204065,0.2301221587,0.2285345302,0.2270528337,0.2256720959,0.2243906087,0.2232076602,0.2221240859,0.2211363558,0.2201598534,0.2192227097,0.2183602226,0.2175804260,0.2168860232,0.2162825856,0.2157734918,0.2153672068,0.2150719128,0.2149144629,0.2149261975,0.2151500417,0.2155490041,0.2159653839,0.2163652636,0.2167407721,0.2170909195,0.2174176824,0.2177238902,0.2180123126,0.2182853353,0.2185448982,0.2187925374,0.2190294591,0.2192566132,0.2194747566,0.2196845031,0.2198863610,0.2200807610,0.2202680764,0.2204486373,0.2206227409,0.2207906589,0.2209526426,0.2211089269,0.2212597326,0.2214052685,0.2215457331,0.2216813154,0.2218121960,0.2219385475,0.2220605353,0.2221783182,0.2222920482,0.2224018715,0.2225079285,0.2226103541,0.2227092780,0.2228048248,0.2228971146,0.2229862626,0.2230723800,0.2231555736,0.2232359462,0.2233135968,0.2233886209,0.2234611102,0.2235311532,0.2235988350,0.2236642377,0.2237274405,0.2237885195,0.2238475481,0.2239045972,0.2239597349,0.2240130271,0.2240645371,0.2241143261,0.2241624531,0.2242089749,0.2242539465,0.2242974206,0.2243394483,0.2243800790,0.2244193600,0.2244573372,0.2244940548,0.2245295556,0.2245638806,0.2245970697,0.2246291612,0.2256777730
"IIRF",41.4203206191,41.7186290910,42.0737538369,42.4622849857,42.8078259455,43.0128956232,43.1368522495,43.2363933289,43.3148336289,43.3803097551,43.4408877668,43.4920300071,43.5255187066,43.5509789424,43.5687584871,43.5764228185,43.5741447871,43.5612753394,43.5368060043,43.4994705851,43.4482549791,43.3815261461,43.2976996658,43.1981331783,43.0831820243,42.9555059316,42.8131578843,42.6552283968,42.4764085637,42.2777815865,42.0618455566,41.8295791268,41.5828769357,41.3267817197,41.0725650510,40.8378309345,40.6375112590,40.4708492616,40.3240687978,40.1833354028,40.0402519247,39.8908731359,39.7338923226,39.5692826167,39.3981171108,39.2219018044,39.0415499114,38.8584101032,38.6739564365,38.4894168725,38.3057854954,38.1239926289,37.9448524963,37.7689923843,37.5971937051,37.4299104537,37.2674520894,37.1103665561,36.9588078870,36.8127784582,36.6727288975,36.5385701895,36.4101812876,36.2877839828,36.1711194709,36.0603834761,35.9554739946,35.8559051121,35.7616060619,35.6725036871,35.5885904450,35.5095811263,35.4353468359,35.3657333125,35.3007416177,35.2404170963,35.1848789566,35.1340167166,35.0835088178,35.0348255789,34.9898363834,34.9490072740,34.9125259166,34.8807285504,34.8538334402,34.8323240879,34.8166652896,34.8083072731,34.8089304026,34.8208103859,34.8419537279,34.8639784250,34.8850904036,34.9048801896,34.9233025412,34.9404677822,34.9565298438,34.9716383271,34.9859217191,34.9994843939,35.0124090295,35.0247606172,35.0365904445,35.0479394776,35.0588410229,35.0693227366,35.0794081013,35.0891174954,35.0984689593,35.1074787416,35.1161616892,35.1245315256,35.1326010514,35.1403822900,35.1478865945,35.1551247286,35.1621069277,35.1688429469,35.1753421000,35.1816132909,35.1876650407,35.1935055103,35.1991425213,35.2045835734,35.2098358616,35.2149062906,35.2198014892,35.2245278229,35.2290914063,35.2334981141,35.2377535921,35.2418632672,35.2458323571,35.2496658790,35.2533686586,35.2569453379,35.2604003833,35.2637380925,35.2669626021,35.2700778937,35.2730878006,35.2759960139,35.2788060880,35.2815214462,35.2841453863,35.2866810850,35.2891316031,35.2914998903,35.2937887888,35.2960010384,35.2981392798,35.3002060587,35.3022038296,35.3041349591,35.3060017292,35.3078063408,35.3095509164,35.3112375035,35.3128680769,35.3660204132
"cbox1",154.8069903742,161.8684904636,168.1878287304,173.4762626593,177.5362822835,180.2077008428,182.6135776877,184.8938601381,187.0325033611,189.0131711738,190.8203705409,192.4382534477,193.8519868916,195.0475638135,196.0113524826,196.7308793847,197.1943317834,197.3913025351,197.3125417376,196.9497037717,196.2950327450,195.3423095658,194.0856799219,192.5216477748,190.6462709992,188.4559671538,185.9518313471,183.1345552290,180.0021819996,176.5591198935,172.8151684700,168.7927950756,164.5494450692,160.2340164765,156.1201627837,152.5253646878,149.5056391056,146.8220251127,144.2246076364,141.5806939742,138.8388711657,135.9908045089,133.0399847203,130.0001030231,126.8983911723,123.7400045549,120.5405039060,117.3207332292,114.0976207880,110.8839907538,107.6915519104,104.5338956846,101.4172445561,98.3547807990,95.3552069050,92.4202556218,89.5601365326,86.7809315785,84.0770573785,81.4589189663,78.9276889092,76.4762222061,74.1145686355,71.8350250089,69.6415220979,67.5374297091,65.5115208912,63.5648370354,61.6948821068,59.9049133349,58.1888329057,56.5461473861,54.9733079243,53.4715594675,52.0395543210,50.6827466271,49.3957422521,48.1844790967,47.0577401049,45.9993460927,45.0094683873,44.0847917861,43.2323819995,42.4514649164,41.7537485702,41.1390319250,40.6303726404,40.2497420773,40.0291146437,40.0072813627,40.0072808048,40.0072802480,40.0072796923,40.0072791375,40.0072785838,40.0072780309,40.0072774789,40.0072769276,40.0072763771,40.0072758273,40.0072752781,40.0072747295,40.0072741815,40.0072736341,40.0072730873,40.0072725409,40.0072719951,40.0072714498,40.0072709049,40.0072703604,40.0072698164,40.0072692728,40.0072687296,40.0072681868,40.0072676443,40.0072671022,40.0072665605,40.0072660191,40.0072654780,40.0072649372,40.0072643967,40.0072638565,40.0072633166,40.0072627769,40.0072622375,40.0072616984,40.0072611594,40.0072606207,40.0072600823,40.0072595440,40.0072590060,40.0072584682,40.0072579305,40.0072573931,40.0072568558,40.0072563187,40.0072557817,40.0072552450,40.0072547084,40.0072541719,40.0072536356,40.0072530994,40.0072525634,40.0072520274,40.0072514917,40.0072509560,40.0072504205,40.0072498850,40.0072493497,40.0072488145,40.0072482794,40.0072477444,40.0072472095,40.0072466747,40.0072461400,40.0072456054,40.0072450708,40.0072445363,40.0072440020,42.4462876006
"cbox2",102.7450000173,107.9352440342,112.3218666468,115.6388894642,117.7123212908,118.3931732847,118.8276004228,119.1482210654,119.3361665292,119.3731930705,119.2436474763,118.9331552564,118.4278145143,117.7134025337,116.7779707647,115.6110213690,114.2025274934,112.5441420641,110.6288005452,108.4504096786,106.0035019336,103.2842701681,100.2892907747,97.0176153374,93.4683344567,89.6412817679,85.5417723631,81.1747198561,76.5425520364,71.6540164206,66.5239508464,61.1807788732,55.6888604259,50.2054965583,45.0131489587,40.4342828925,36.5186827312,33.0141209347,29.6614352183,26.3250865322,22.9543437734,19.5431006884,16.0974101154,12.6337331615,9.1821609979,5.7498090713,2.3544037828,-0.9812443651,-4.2387866530,-7.4044877663,-10.4661308788,-13.4099798247,-16.2302808134,-18.9145171383,-21.4552555250,-23.8525823539,-26.0982017753,-28.1884894338,-30.1320510468,-31.9212516922,-33.5582934137,-35.0540337065,-36.4017659621,-37.6132137107,-38.6881614479,-39.6271363380,-40.4456636615,-41.1464898929,-41.7359565704,-42.2144924119,-42.5921128808,-42.8729339343,-43.0640960754,-43.1677126917,-43.1885091278,-43.1242233030,-42.9837254765,-42.7641665935,-42.4599366007,-42.0903992292,-41.6579099735,-41.1685329575,-40.6176802373,-40.0088946977,-39.3329963619,-38.5932073884,-37.7691258503,-36.8421918014,-35.7844896596,-34.5622953933,-33.3617156569,-32.2049474394,-31.0904036707,-30.0163856858,-28.9812347938,-27.9833662627,-27.0212787835,-26.0935524106,-25.1988424860,-24.3358728388,-23.5034295068,-22.7003553307,-21.9255454114,-21.1779433004,-20.4565377748,-19.7603600661,-19.0884814368,-18.4400110275,-17.8140939148,-17.2099093394,-16.6266690722,-16.0636158968,-15.5200221924,-14.9951886031,-14.4884427857,-13.9991382276,-13.5266531282,-13.0703893394,-12.6297713612,-12.2042453871,-11.7932783974,-11.3963572968,-11.0129880936,-10.6426951182,-10.2850202783,-9.9395223491,-9.6057762959,-9.2833726284,-8.9719167838,-8.6710285381,-8.3803414428,-8.0995022879,-7.8281705872,-7.5660180867,-7.3127282942,-7.0679960288,-6.8315269898,-6.6030373442,-6.3822533306,-6.1689108804,-5.9627552546,-5.7635406952,-5.5710300915,-5.3849946592,-5.2052136329,-5.0314739713,-4.8635700735,-4.7013035069,-4.5444827460,-4.3929229214,-4.2464455786,-4.1048784460,-3.9680552120,-3.8358153113,-3.7080037183,-3.5844707492,-3.4650718719,-3.3496675216,-3.2381229256,-0.6581536661
"cbox3",33.7421650665,35.5022880822,36.2334322107,35.8253458908,34.2608359275,31.5082532927,29.0093363467,26.8370528372,24.8996856817,23.1252980761,21.4600351322,19.8623128803,18.2979352025,16.7380139256,15.1622525076,13.5556514245,11.9065084000,10.2074187597,8.4541887745,6.6450829630,4.7801863329,2.8624453345,0.8959677784,-1.1115422341,-3.1525532984,-5.2187594169,-7.2963077667,-9.3725218840,-11.4382937210,-13.4758506846,-15.4622514933,-17.3624665781,-19.1057038748,-20.5273558343,-21.3518767109,-21.3163533425,-20.5312408093,-19.4421290632,-18.4190867250,-17.6139533867,-17.0461105999,-16.6765093521,-16.4580385927,-16.3403715815,-16.2676840251,-16.2216671960,-16.1763480154,-16.1058371246,-15.9953320331,-15.8390633846,-15.6348249323,-15.3797126889,-15.0807926102,-14.7363535593,-14.3509231036,-13.9364612840,-13.4928425432,-13.0250094509,-12.5500356985,-12.0627114764,-11.5695665697,-11.0846929649,-10.5990516132,-10.1256247411,-9.6607370738,-9.2021158741,-8.7640737676,-8.3429927163,-7.9398251766,-7.5486756203,-7.1754112894,-6.8177943302,-6.4773282228,-6.1496056567,-5.8341784505,-5.5231695194,-5.2227927509,-4.9249118241,-4.6206839424,-4.3304821324,-4.0507359632,-3.7828879240,-3.5166203682,-3.2532624322,-2.9801587664,-2.7014613363,-2.3948159536,-2.0460680479,-1.6347143997,-1.1392675488,-0.7778535567,-0.5314674909,-0.3633912770,-0.2486436821,-0.1702416711,-0.1166325204,-0.0799503368,-0.0548342092,-0.0376269946,-0.0258316437,-0.0177418359,-0.0121907308,-0.0083798685,-0.0057625316,-0.0039641591,-0.0027279974,-0.0018779577,-0.0012932156,-0.0008908279,-0.0006138316,-0.0004230896,-0.0002917013,-0.0002011698,-0.0001387718,-0.0000957524,-0.0000660852,-0.0000456205,-0.0000315003,-0.0000217553,-0.0000150282,-0.0000103833,-0.0000071755,-0.0000049596,-0.0000034287,-0.0000023707,-0.0000016395,-0.0000011340,-0.0000007844,-0.0000005427,-0.0000003756,-0.0000002599,-0.0000001799,-0.0000001246,-0.0000000862,-0.0000000597,-0.0000000414,-0.0000000286,-0.0000000198,-0.0000000137,-0.0000000095,-0.0000000066,-0.0000000046,-0.0000000032,-0.0000000022,-0.0000000015,-0.0000000011,-0.0000000007,-0.0000000005,-0.0000000004,-0.0000000002,-0.0000000002,-0.0000000001,0.0000000000,0.0000000000,0.0000000000,0.0000000000,0.0000000000,0.0000000000,0.0000000000,2.6550466718
"cbox4",4.6871982920,4.9000684893,4.6006103502,4.0413124778,3.2894828553,2.3468040640,2.0203070205,1.8893385235,1.7832674272,1.6678137515,1.5375462504,1.3920325111,1.2314182976,1.0558230579,0.8666566296,0.6652486428,0.4525135573,0.2299987880,-0.0007433279,-0.2382465162,-0.4811685379,-0.7274782798,-0.9756397006,-1.2228159709,-1.4679051684,-1.7096490120,-1.9443543822,-2.1706624998,-2.3891969411,-2.5945037939,-2.7817060480,-2.9423241713,-3.0542871365,-3.0616250673,-2.8882641428,-2.5088690893,-2.0819580409,-1.8003306586,-1.6902262628,-1.6819579949,-1.7163176424,-1.7595827763,-1.8000924416,-1.8307372675,-1.8437526390,-1.8503854777,-1.8470234032,-1.8310734018,-1.8049176631,-1.7714912802,-1.7321405792,-1.6864985368,-1.6384657188,-1.5853390840,-1.5292747130,-1.4738922876,-1.4156475370,-1.3562593830,-1.3011456262,-1.2434837529,-1.1868853004,-1.1351653492,-1.0810053277,-1.0314978102,-0.9820250084,-0.9324806728,-0.8888697215,-0.8462867979,-0.8058040554,-0.7650588380,-0.7276529709,-0.6914217426,-0.6573960977,-0.6236510980,-0.5910697271,-0.5569834101,-0.5254867638,-0.4923060020,-0.4561383408,-0.4263773550,-0.3971273688,-0.3695116849,-0.3395962549,-0.3101958437,-0.2766697616,-0.2433332052,-0.2015475631,-0.1513771120,-0.0890287345,-0.0117016488,-0.0004584102,-0.0000180662,-0.0000007164,-0.0000000286,-0.0000000011,0.0000000000,0.0000000000,0.0000000000,0.0000000000,0.0000000000,0.0000000000,0.0000000000,0.0000000000,0.0000000000,0.0000000000,0.0000000000,0.0000000000,0.0000000000,0.0000000000,0.0000000000,0.0000000000,0.0000000000,0.0000000000,0.0000000000,0.0000000000,0.0000000000,0.0000000000,0.0000000000,0.0000000000,0.0000000000,0.0000000000,0.0000000000,0.0000000000,0.0000000000,0.0000000000,0.0000000000,0.0000000000,0.0000000000,0.0000000000,0.0000000000,0.0000000000,0.0000000000,0.0000000000,0.0000000000,0.0000000000,0.0000000000,0.0000000000,0.0000000000,0.0000000000,0.0000000000,0.0000000000,0.0000000000,0.0000000000,0.0000000000,0.0000000000,0.0000000000,0.0000000000,0.0000000000,0.0000000000,0.0000000000,0.0000000000,0.0000000000,0.0000000000,0.0000000000,0.0000000000,0.0000000000,0.0000000000,0.0000000000,0.0000000000,0.9545539587
"so2",77.1672960001,70.4556314366,63.3108825381,55.9542516989,48.4762326643,43.9881794900,40.1064421428,36.4528025018,33.0265542974,29.8297416681,26.8615040265,24.1243023239,21.6201391571,19.3499245765,17.3164666897,15.5213677127,13.9680356054,12.6592761943,11.5972819712,10.7834827190,10.2216042467,9.9125302141,9.8619760855,10.0688535040,10.5340143001,11.2687419015,12.2718910654,11.5884614426,10.9136201662,10.2565823065,9.6374013029,9.1129764074,8.8418678529,9.0304469267,9.7704732911,10.6275298894,11.0830360576,11.1070149103,10.9067689110,10.6257360100,10.3435743698,10.0780588549,9.8502662299,9.6927013262,9.5486488029,9.4442391178,9.3927745181,9.3842820118,9.4083343801,9.4620962424,9.5503421792,9.6543755105,9.7918536632,9.9514108744,10.1153642453,10.3052202893,10.5105067738,10.7016276805,10.9191471438,11.1396415035,11.3420083106,11.5698723406,11.7781927219,11.9964857719,12.2233283480,12.4216871624,12.6226880379,12.8173562764,13.0202883701,13.2077497991,13.3939593166,13.5711650786,13.7515293608,13.9284744665,14.1192571925,14.2963545476,14.4885168701,14.7029623211,14.8763597313,15.0501917883,15.2156129038,15.3989603512,15.5803438270,15.7914316370,16.0020094095,16.2710865665,16.5959070655,17.0018495520,17.5062083969,17.5616000000,17.5616000000,17.5616000000,17.5616000000,17.5616000000,17.5616000000,17.5616000000,17.5616000000,17.5616000000,17.5616000000,17.5616000000,17.5616000000,17.5616000000,17.5616000000,17.5616000000,17.5616000000,17.5616000000,17.5616000000,17.5616000000,17.5616000000,17.5616000000,17.5616000000,17.5616000000,17.5616000000,17.5616000000,17.5616000000,17.5616000000,17.5616000000,17.5616000000,17.5616000000,17.5616000000,17.5616000000,17.5616000000,17.5616000000,17.5616000000,17.5616000000,17.5616000000,17.5616000000,17.5616000000,17.5616000000,17.5616000000,17.5616000000,17.5616000000,17.5616000000,17.5616000000,17.5616000000,17.5616000000,17.5616000000,17.5616000000,17.5616000000,17.5616000000,17.5616000000,17.5616000000,17.5616000000,17.5616000000,17.5616000000,17.5616000000,17.5616000000,17.5616000000,17.5616000000,17.5616000000,17.5616000000,17.5616000000,17.5616000000,17.5616000000,17.5616000000,17.5616000000,17.5616000000,17.5616000000,23.7496768712,23.6411119718
"ch4",354.3501840011,333.3300441963,306.0001409288,274.4470978487,239.5245512360,230.5822057962,225.1348594774,219.6147440471,214.0151971946,208.3555014778,202.6275388903,196.8545238271,191.0553469755,185.2385929315,179.4307508448,173.6469345761,167.9192917395,162.2742899707,156.7326112576,151.3077428793,146.0348307549,140.9222105330,136.0237967432,131.3293228080,126.8468241279,122.6827383717,118.8262623518,112.3794044060,106.0135611642,99.8156592806,93.9748647933,89.0279138688,86.4705205682,88.2494052691,95.2301457702,103.3148438238,107.6116777064,107.8378725506,105.9489326094,103.2979219853,100.6362638551,98.1316302394,95.9828403048,94.4965152792,93.1376538495,92.1527471593,91.6672765964,91.5871659602,91.8140542843,92.3211951477,93.1536276321,94.1349841408,95.4318288954,96.9369475503,98.4835356066,100.2744660920,102.2109534194,104.0138154774,106.0656976802,108.1456423709,110.0545880976,112.2040516028,114.1691579729,116.2283374956,118.3681655266,120.2393034697,122.1353642313,123.9716886149,125.8859667448,127.6543085940,129.4108410412,131.0824401888,132.7838339638,134.4529743148,136.2526462813,137.9232228161,139.7359086499,141.7587933969,143.3944679921,145.0342426535,146.5946760872,148.3242103483,150.0352182758,152.0264300702,154.0128306303,156.5510615617,159.6151248466,163.4444197109,168.2020856332,168.7246000000,168.7246000000,168.7246000000,168.7246000000,168.7246000000,168.7246000000,168.7246000000,168.7246000000,168.7246000000,168.7246000000,168.7246000000,168.7246000000,168.7246000000,168.7246000000,168.7246000000,168.7246000000,168.7246000000,168.7246000000,168.7246000000,168.7246000000,168.7246000000,168.7246000000,168.7246000000,168.7246000000,168.7246000000,168.7246000000,168.7246000000,168.7246000000,168.7246000000,168.7246000000,168.7246000000,168.7246000000,168.7246000000,168.7246000000,168.7246000000,168.7246000000,168.7246000000,168.7246000000,168.7246000000,168.7246000000,168.7246000000,168.7246000000,168.7246000000,168.7246000000,168.7246000000,168.7246000000,168.7246000000,168.7246000000,168.7246000000,168.7246000000,168.7246000000,168.7246000000,168.7246000000,168.7246000000,168.7246000000,168.7246000000,168.7246000000,168.7246000000,168.7246000000,168.7246000000,168.7246000000,168.7246000000,168.7246000000,168.7246000000,168.7246000000,168.7246000000,168.7246000000,168.7246000000,168.7246000000,227.0973295644,226.0732263337
"Objective",25387254.7109380600
