

"Period",1.0000000000,2.0000000000,3.0000000000,4.0000000000,5.0000000000,6.0000000000,7.0000000000,8.0000000000,9.0000000000,10.0000000000,11.0000000000,12.0000000000,13.0000000000,14.0000000000,15.0000000000,16.0000000000,17.0000000000,18.0000000000,19.0000000000,20.0000000000,21.0000000000,22.0000000000,23.0000000000,24.0000000000,25.0000000000,26.0000000000,27.0000000000,28.0000000000,29.0000000000,30.0000000000,31.0000000000,32.0000000000,33.0000000000,34.0000000000,35.0000000000,36.0000000000,37.0000000000,38.0000000000,39.0000000000,40.0000000000,41.0000000000,42.0000000000,43.0000000000,44.0000000000,45.0000000000,46.0000000000,47.0000000000,48.0000000000,49.0000000000,50.0000000000,51.0000000000,52.0000000000,53.0000000000,54.0000000000,55.0000000000,56.0000000000,57.0000000000,58.0000000000,59.0000000000,60.0000000000,61.0000000000,62.0000000000,63.0000000000,64.0000000000,65.0000000000,66.0000000000,67.0000000000,68.0000000000,69.0000000000,70.0000000000,71.0000000000,72.0000000000,73.0000000000,74.0000000000,75.0000000000,76.0000000000,77.0000000000,78.0000000000,79.0000000000,80.0000000000,81.0000000000,82.0000000000,83.0000000000,84.0000000000,85.0000000000,86.0000000000,87.0000000000,88.0000000000,89.0000000000,90.0000000000,91.0000000000,92.0000000000,93.0000000000,94.0000000000,95.0000000000,96.0000000000,97.0000000000,98.0000000000,99.0000000000,100.0000000000,101.0000000000,102.0000000000,103.0000000000,104.0000000000,105.0000000000,106.0000000000,107.0000000000,108.0000000000,109.0000000000,110.0000000000,111.0000000000,112.0000000000,113.0000000000,114.0000000000,115.0000000000,116.0000000000,117.0000000000,118.0000000000,119.0000000000,120.0000000000,121.0000000000,122.0000000000,123.0000000000,124.0000000000,125.0000000000,126.0000000000,127.0000000000,128.0000000000,129.0000000000,130.0000000000,131.0000000000,132.0000000000,133.0000000000,134.0000000000,135.0000000000,136.0000000000,137.0000000000,138.0000000000,139.0000000000,140.0000000000,141.0000000000,142.0000000000,143.0000000000,144.0000000000,145.0000000000,146.0000000000,147.0000000000,148.0000000000,149.0000000000,150.0000000000,151.0000000000,152.0000000000,153.0000000000,154.0000000000,155.0000000000,156.0000000000,157.0000000000,158.0000000000,159.0000000000,160.0000000000
"Year",2023.0000000000,2026.0000000000,2029.0000000000,2032.0000000000,2035.0000000000,2038.0000000000,2041.0000000000,2044.0000000000,2047.0000000000,2050.0000000000,2053.0000000000,2056.0000000000,2059.0000000000,2062.0000000000,2065.0000000000,2068.0000000000,2071.0000000000,2074.0000000000,2077.0000000000,2080.0000000000,2083.0000000000,2086.0000000000,2089.0000000000,2092.0000000000,2095.0000000000,2098.0000000000,2101.0000000000,2104.0000000000,2107.0000000000,2110.0000000000,2113.0000000000,2116.0000000000,2119.0000000000,2122.0000000000,2125.0000000000,2128.0000000000,2131.0000000000,2134.0000000000,2137.0000000000,2140.0000000000,2143.0000000000,2146.0000000000,2149.0000000000,2152.0000000000,2155.0000000000,2158.0000000000,2161.0000000000,2164.0000000000,2167.0000000000,2170.0000000000,2173.0000000000,2176.0000000000,2179.0000000000,2182.0000000000,2185.0000000000,2188.0000000000,2191.0000000000,2194.0000000000,2197.0000000000,2200.0000000000,2203.0000000000,2206.0000000000,2209.0000000000,2212.0000000000,2215.0000000000,2218.0000000000,2221.0000000000,2224.0000000000,2227.0000000000,2230.0000000000,2233.0000000000,2236.0000000000,2239.0000000000,2242.0000000000,2245.0000000000,2248.0000000000,2251.0000000000,2254.0000000000,2257.0000000000,2260.0000000000,2263.0000000000,2266.0000000000,2269.0000000000,2272.0000000000,2275.0000000000,2278.0000000000,2281.0000000000,2284.0000000000,2287.0000000000,2290.0000000000,2293.0000000000,2296.0000000000,2299.0000000000,2302.0000000000,2305.0000000000,2308.0000000000,2311.0000000000,2314.0000000000,2317.0000000000,2320.0000000000,2323.0000000000,2326.0000000000,2329.0000000000,2332.0000000000,2335.0000000000,2338.0000000000,2341.0000000000,2344.0000000000,2347.0000000000,2350.0000000000,2353.0000000000,2356.0000000000,2359.0000000000,2362.0000000000,2365.0000000000,2368.0000000000,2371.0000000000,2374.0000000000,2377.0000000000,2380.0000000000,2383.0000000000,2386.0000000000,2389.0000000000,2392.0000000000,2395.0000000000,2398.0000000000,2401.0000000000,2404.0000000000,2407.0000000000,2410.0000000000,2413.0000000000,2416.0000000000,2419.0000000000,2422.0000000000,2425.0000000000,2428.0000000000,2431.0000000000,2434.0000000000,2437.0000000000,2440.0000000000,2443.0000000000,2446.0000000000,2449.0000000000,2452.0000000000,2455.0000000000,2458.0000000000,2461.0000000000,2464.0000000000,2467.0000000000,2470.0000000000,2473.0000000000,2476.0000000000,2479.0000000000,2482.0000000000,2485.0000000000,2488.0000000000,2491.0000000000,2494.0000000000,2497.0000000000,2500.0000000000
"Industrial Emissions GTCO2 per year",36.6400000003,32.6255913570,27.2902083790,20.9473411755,13.7368765329,5.7336533471,4.6862647573,3.8766781967,2.9917014329,2.0351812456,1.0120517983,-0.0712245358,-1.2131368756,-2.4032709078,-3.6432897638,-4.9200832343,-6.2310690179,-7.5689750621,-8.9316849553,-10.3169347086,-11.7134174634,-13.1236656258,-14.5307684250,-15.9459618466,-17.3685323213,-18.5839529628,-18.8119661922,-19.0433606221,-19.2512636186,-19.4395428645,-19.6157324021,-19.7838464645,-19.9218345727,-20.0685605590,-20.1997378552,-18.2404178957,-15.9638067191,-15.0792676949,-14.9491207348,-15.1192286338,-15.3488160107,-15.5731719335,-15.7379534493,-15.7726474526,-15.7943285686,-15.7499327779,-15.6136279659,-15.4059818730,-15.1480594738,-14.8456690735,-14.4893425979,-14.1154302093,-13.6896435248,-13.2320450869,-12.7757951661,-12.2787969083,-11.7565926599,-11.2627843092,-10.7192529252,-10.1617307840,-9.6255411117,-9.0256091281,-8.4337150747,-7.7888345263,-7.0745500589,-6.3381040785,-5.5111432282,-4.5805789786,-3.4814126854,-2.1905560146,-0.6118423184,0.0000000000,0.0000000000,0.0000000000,0.0000000000,0.0000000000,0.0000000000,0.0000000000,0.0000000000,0.0000000000,0.0000000000,0.0000000000,0.0000000000,0.0000000000,0.0000000000,0.0000000000,0.0000000000,0.0000000000,0.0000000000,0.0000000000,0.0000000000,0.0000000000,0.0000000000,0.0000000000,0.0000000000,0.0000000000,0.0000000000,0.0000000000,0.0000000000,0.0000000000,0.0000000000,0.0000000000,0.0000000000,0.0000000000,0.0000000000,0.0000000000,0.0000000000,0.0000000000,0.0000000000,0.0000000000,0.0000000000,0.0000000000,0.0000000000,0.0000000000,0.0000000000,0.0000000000,0.0000000000,0.0000000000,0.0000000000,0.0000000000,0.0000000000,0.0000000000,0.0000000000,0.0000000000,0.0000000000,0.0000000000,0.0000000000,0.0000000000,0.0000000000,0.0000000000,0.0000000000,0.0000000000,0.0000000000,0.0000000000,0.0000000000,0.0000000000,0.0000000000,0.0000000000,0.0000000000,0.0000000000,0.0000000000,0.0000000000,0.0000000000,0.0000000000,0.0000000000,0.0000000000,0.0000000000,0.0000000000,0.0000000000,0.0000000000,0.0000000000,0.0000000000,0.0000000000,0.0000000000,0.0000000000,0.0000000000,0.0000000000,0.0000000000,13.7074396002,13.4669565178
"Atmospheric concentrations ppm",417.8747982072,424.3415917505,429.4030216065,432.8519150203,434.5056899858,434.2107482679,431.8362912089,429.8317036834,427.9493962928,426.0643235996,424.1148034162,422.0575073641,419.8588883339,417.4908827066,414.9328849567,412.1665150515,409.1804959622,405.9659401189,402.5178957568,398.8331027099,394.9100271207,390.7516771057,386.3602857983,381.7442344546,376.9076006773,371.8554809520,366.6630593860,361.6431035100,356.7266865590,351.8976111577,347.1478416645,342.4770888331,337.9041563257,333.4963232056,329.3663265399,325.6357846347,322.9038564158,320.9453924729,319.1326041040,317.2340362065,315.1995182678,313.0514040905,310.8209820591,308.5475407602,306.2824067329,304.0321021796,301.8203760680,299.6734403945,297.6069784931,295.6291419241,293.7462782875,291.9672483495,290.2893635006,288.7217270078,287.2658951231,285.9146028840,284.6750248915,283.5480025137,282.5195120379,281.6015381413,280.7921381020,280.0805404611,279.4828190022,278.9900720357,278.6139896390,278.3678627145,278.2494958108,278.2781296234,278.4728450826,278.8689928458,279.5031823980,280.4355793227,281.3619335199,282.1535566446,282.8610836584,283.5067032817,284.1047918530,284.6649388372,285.1936382686,285.6953639182,286.1732814996,286.6297020644,287.0663700509,287.4846520787,287.8856600021,288.2703310858,288.6394803568,288.9938349200,289.3340565789,289.6607568646,289.9745071292,290.2758454254,290.5652812857,290.8432991260,291.1103607409,291.3669071976,291.6133603254,291.8501239320,292.0775848287,292.2961137228,292.5060660115,292.7077825036,292.9015900834,293.0878023293,293.2667200942,293.4386320531,293.6038152215,293.7625354481,293.9150478842,294.0615974299,294.2024191611,294.3377387366,294.4677727874,294.5927292884,294.7128079145,294.8282003806,294.9390907675,295.0456558332,295.1480653115,295.2464821976,295.3410630213,295.4319581094,295.5193118362,295.6032628641,295.6839443738,295.7614842850,295.8360054679,295.9076259461,295.9764590905,296.0426138061,296.1061947102,296.1673023039,296.2260331362,296.2824799616,296.3367318913,296.3888745378,296.4389901540,296.4871577670,296.5334533053,296.5779497221,296.6207171132,296.6618228294,296.7013315857,296.7393055651,296.7758045186,296.8108858610,296.8446047633,296.8770142406,296.9081652375,296.9381067094,296.9668857004,296.9945474187,297.0211353090,297.0466911210,297.0712549766,297.0948654334,297.1175595460,297.1393729253,297.1603397943,301.0865925926
"Atmospheric Temperature rel. 1850-1900",1.3650039495,1.4162669065,1.4703696928,1.5405426905,1.6064732918,1.6465310284,1.6691182323,1.6781128432,1.6789604781,1.6747199206,1.6683648401,1.6599632339,1.6489489456,1.6364886693,1.6228629648,1.6088108221,1.5937020107,1.5771717522,1.5596999207,1.5409694985,1.5204955242,1.4980522315,1.4735225814,1.4470183643,1.4186199109,1.3889223607,1.3575077325,1.3244469163,1.2887489995,1.2510821693,1.2127509358,1.1740346685,1.1350112989,1.0958141440,1.0568544475,1.0188895619,0.9828716923,0.9524167491,0.9276281746,0.9054191341,0.8837653027,0.8617809977,0.8392386715,0.8161405653,0.7926236998,0.7689776186,0.7452916144,0.7217093110,0.6984164950,0.6755631775,0.6532550273,0.6315798296,0.6106379356,0.5904670870,0.5711572120,0.5527684211,0.5352992074,0.5188152432,0.5033628047,0.4888964199,0.4754995423,0.4632023653,0.4519638746,0.4418850807,0.4329528564,0.4252486220,0.4188902120,0.4139117669,0.4104567280,0.4086987886,0.4089230797,0.4114568492,0.4167871902,0.4232132207,0.4294755434,0.4354797659,0.4412686858,0.4468885302,0.4515888159,0.4556300858,0.4594805118,0.4632382739,0.4669160861,0.4705095297,0.4740121947,0.4774187551,0.4807254015,0.4839297190,0.4870304666,0.4900273630,0.4929208974,0.4957121707,0.4984027622,0.5009946204,0.5034899735,0.5058912564,0.5082010513,0.5104220400,0.5125569652,0.5146085993,0.5165797195,0.5184730884,0.5202914378,0.5220374569,0.5237137823,0.5253229914,0.5268675966,0.5283500413,0.5297726977,0.5311378648,0.5324477676,0.5337045571,0.5349103103,0.5360670316,0.5371766531,0.5382410364,0.5392619745,0.5402411926,0.5411803508,0.5420810456,0.5429448118,0.5437731247,0.5445674019,0.5453290055,0.5460592438,0.5467593733,0.5474306007,0.5480740848,0.5486909381,0.5492822288,0.5498489822,0.5503921828,0.5509127755,0.5514116674,0.5518897291,0.5523477965,0.5527866717,0.5532071246,0.5536098944,0.5539956905,0.5543651938,0.5547190578,0.5550579100,0.5553823524,0.5556929633,0.5559902973,0.5562748871,0.5565472440,0.5568078587,0.5570572024,0.5572957272,0.5575238674,0.5577420397,0.5579506443,0.5581500651,0.5583406710,0.5585228160,0.5586968400,0.5588630692,0.5590218169
"Mid-ocean Temperature rel. 1850-1900",0.6540452299,0.7055830449,0.7542602162,0.8021170766,0.8497971595,0.8951677071,0.9361775266,0.9718806078,1.0021214410,1.0272594216,1.0479468226,1.0648384531,1.0784073961,1.0890895135,1.0973031229,1.1034481307,1.1078245055,1.1106103322,1.1119656967,1.1120135055,1.1107970416,1.1083088410,1.1045216731,1.0994155805,1.0929845848,1.0852727895,1.0763087581,1.0660999409,1.0545764817,1.0416876250,1.0275249634,1.0122427893,0.9959820535,0.9788683232,0.9610395470,0.9426838868,0.9240612211,0.9057070568,0.8882256854,0.8718632668,0.8565160591,0.8419403898,0.8278853862,0.8141426332,0.8005583805,0.7870403332,0.7735363180,0.7600209230,0.7464958162,0.7329833654,0.7195172955,0.7061369482,0.6928863434,0.6798089587,0.6669490781,0.6543517775,0.6420565991,0.6301011295,0.6185230497,0.6073520558,0.5966173591,0.5863496367,0.5765726926,0.5673127029,0.5585954101,0.5504483322,0.5429076821,0.5360117580,0.5298052353,0.5243453786,0.5197096966,0.5160004118,0.5133540676,0.5117704945,0.5110733948,0.5110578979,0.5115610176,0.5124594500,0.5135988863,0.5148422749,0.5161294318,0.5174418884,0.5187704107,0.5201077764,0.5214473995,0.5227831845,0.5241095879,0.5254216791,0.5267151668,0.5279863948,0.5292323145,0.5304504431,0.5316388135,0.5327959206,0.5339206674,0.5350123123,0.5360704205,0.5370948189,0.5380855551,0.5390428615,0.5399671226,0.5408588477,0.5417186459,0.5425472055,0.5433452758,0.5441136521,0.5448531623,0.5455646562,0.5462489968,0.5469070517,0.5475396881,0.5481477665,0.5487321373,0.5492936372,0.5498330865,0.5503512871,0.5508490211,0.5513270491,0.5517861103,0.5522269211,0.5526501754,0.5530565442,0.5534466758,0.5538211961,0.5541807088,0.5545257958,0.5548570176,0.5551749141,0.5554800047,0.5557727893,0.5560537487,0.5563233450,0.5565820227,0.5568302089,0.5570683140,0.5572967324,0.5575158429,0.5577260095,0.5579275817,0.5581208954,0.5583062731,0.5584840244,0.5586544469,0.5588178261,0.5589744365,0.5591245415,0.5592683941,0.5594062372,0.5595383043,0.5596648195,0.5597859980,0.5599020464,0.5600131635,0.5601195398,0.5602213585,0.5603187956,0.5604120200,0.5605011942,0.5605864740,0.5606680093
"Deep-ocean temperature rel. 1850-1900",0.1240415832,0.1365428156,0.1498871344,0.1640118213,0.1788935984,0.1944920143,0.2107129168,0.2274322574,0.2445163692,0.2618377273,0.2792831994,0.2967576227,0.3141807232,0.3314837867,0.3486094585,0.3655107417,0.3821498616,0.3984951396,0.4145191856,0.4301985907,0.4455123444,0.4604402217,0.4749620251,0.4890574263,0.5027062766,0.5158892014,0.5285883281,0.5407864563,0.5524663049,0.5636092127,0.5741973020,0.5842161494,0.5936550183,0.6025063869,0.6107657988,0.6184324973,0.6255107616,0.6320131639,0.6379657265,0.6434040867,0.6483642476,0.6528771446,0.6569672899,0.6606534455,0.6639498737,0.6668677411,0.6694164099,0.6716041587,0.6734388151,0.6749283199,0.6760810821,0.6769061499,0.6774133041,0.6776131044,0.6775168462,0.6771365837,0.6764850635,0.6755755948,0.6744220384,0.6730387201,0.6714402729,0.6696416879,0.6676582467,0.6655054136,0.6631989182,0.6607547112,0.6581890963,0.6555188701,0.6527613592,0.6499346446,0.6470578965,0.6441518747,0.6412395308,0.6383453252,0.6354909913,0.6326931813,0.6299640243,0.6273121779,0.6247431733,0.6222588946,0.6198589505,0.6175421883,0.6153071957,0.6131524129,0.6110761605,0.6090766544,0.6071520196,0.6053003056,0.6035195021,0.6018075546,0.6001623796,0.5985818785,0.5970639497,0.5956065003,0.5942074549,0.5928647645,0.5915764130,0.5903404227,0.5891548592,0.5880178347,0.5869275110,0.5858821010,0.5848798707,0.5839191395,0.5829982808,0.5821157221,0.5812699442,0.5804594813,0.5796829195,0.5789388963,0.5782260992,0.5775432649,0.5768891774,0.5762626673,0.5756626098,0.5750879238,0.5745375704,0.5740105511,0.5735059070,0.5730227169,0.5725600963,0.5721171958,0.5716932000,0.5712873261,0.5708988227,0.5705269687,0.5701710720,0.5698304683,0.5695045203,0.5691926165,0.5688941700,0.5686086177,0.5683354196,0.5680740573,0.5678240337,0.5675848717,0.5673561139,0.5671373212,0.5669280727,0.5667279644,0.5665366090,0.5663536348,0.5661786854,0.5660114190,0.5658515076,0.5656986368,0.5655525051,0.5654128230,0.5652793133,0.5651517100,0.5650297579,0.5649132123,0.5648018388,0.5646954124,0.5645937174,0.5644965471,0.5644037031,0.5643149954,0.5642302417,0.5641492673
"Output Net Net ",132.4271838880,149.3890752508,165.4161457107,180.9538161446,196.1253984889,210.7319684221,229.0396200393,248.8062817903,269.7885977124,292.1077357337,315.6249411239,340.3883537790,366.5979340850,394.0154058414,423.0460444588,453.3385321694,485.1752875856,518.5626636399,553.6957517373,590.6628169228,629.2945748565,669.8711503792,712.0670990175,756.4488410283,802.9597862226,850.8663328170,901.3292201310,954.6374629986,1009.5439482434,1066.2267177359,1125.1003371007,1186.4470393693,1248.9581721202,1315.0668807466,1383.3237786594,1454.5753554959,1528.1763905131,1603.5274429833,1680.2857451193,1760.0454652732,1842.0368837684,1928.0449628147,2015.6614075406,2101.7993076410,2196.5016954277,2292.9520446687,2388.6234088666,2485.7393975393,2585.9257484043,2688.8141975801,2793.0273038598,2901.3882292471,3008.7011122389,3118.0336865292,3232.0032062330,3343.8697278686,3458.2576822044,3581.3157430579,3699.3287708366,3822.5479889054,3954.0345466118,4077.3451314302,4209.5433808279,4335.9302470183,4462.6357702023,4603.5263222264,4737.7369412073,4869.4521890461,4994.9216473753,5130.1360383650,5265.4837872612,5404.6778327357,5539.1461949983,5674.0997332802,5802.9699509766,5943.7165519363,6068.2159653553,6186.2045434942,6339.5378290196,6468.6294789250,6593.2936015252,6711.2919381426,6857.8974385003,7002.2254380939,7165.3434468570,7283.3690779891,7417.0491125363,7554.7585089626,7689.1191505023,7792.0249293747,7930.7508488620,8042.9209843049,8198.9321990907,8370.5536814694,8530.2321883363,8675.2589096768,8802.2648241902,8965.5226149391,9118.4013957199,9257.8614674929,9399.7356995686,9546.1262842398,9691.7629107261,9852.9081081967,10002.4061731279,10137.1147780561,10309.5431383245,10485.8668044960,10661.0616539222,10832.9309327708,11024.7399698955,11220.4726966027,11422.7136470052,11618.8821755851,11827.8534830718,12003.4692067448,12179.5046665647,12379.1708011758,12584.6228503156,12776.6659470267,12972.6731227570,13151.2328034665,13360.4687425147,13572.2065202625,13771.9805158691,13991.9412195545,14162.3617425187,14359.5876157634,14560.7529216366,14764.4838420476,14976.8097677698,15225.0942272901,15432.5476931364,15667.9808283274,15895.0950914400,16122.2487239225,16350.1297970148,16589.0516293208,16865.3497072327,17128.8741008221,17375.1448513059,17633.5984916670,17896.0248959205,18162.2039858998,18430.3265166835,18701.5516191357,18969.1907974856,19225.9273557737,19443.8198227296,19521.3815352526,19141.8958841242,19627.4251322220,20083.2417575997,20516.2271281959,20930.8494212496,21333.2989126860,21725.1855754110,22110.2065397297,22490.7151026986,22867.3914867187
"Climate Damages fraction output",0.0043972364,0.0047337162,0.0051022894,0.0056009214,0.0060905852,0.0063981120,0.0065748554,0.0066459080,0.0066526236,0.0066190609,0.0065689213,0.0065029279,0.0064169170,0.0063203046,0.0062154947,0.0061083225,0.0059941312,0.0058704309,0.0057410867,0.0056040253,0.0054560997,0.0052962188,0.0051241944,0.0049415147,0.0047494586,0.0045526886,0.0043490723,0.0041398167,0.0039196626,0.0036938876,0.0034710050,0.0032529235,0.0030402715,0.0028339084,0.0026359815,0.0024500008,0.0022798468,0.0021407505,0.0020307659,0.0019346898,0.0018432570,0.0017526929,0.0016621989,0.0015719616,0.0014826755,0.0013955307,0.0013108846,0.0012292398,0.0011511740,0.0010770700,0.0010071114,0.0009413877,0.0008799937,0.0008228173,0.0007698805,0.0007211049,0.0006762468,0.0006352394,0.0005979629,0.0005640865,0.0005335956,0.0005063532,0.0004820804,0.0004608193,0.0004423777,0.0004267739,0.0004141069,0.0004043222,0.0003976004,0.0003942019,0.0003946347,0.0003995403,0.0004099593,0.0004226983,0.0004353002,0.0004475566,0.0004595346,0.0004713141,0.0004812806,0.0004899331,0.0004982487,0.0005064317,0.0005145051,0.0005224550,0.0005302626,0.0005379117,0.0005453887,0.0005526836,0.0005597889,0.0005666993,0.0005734116,0.0005799241,0.0005862365,0.0005923496,0.0005982651,0.0006039853,0.0006095132,0.0006148524,0.0006200066,0.0006249799,0.0006297769,0.0006344019,0.0006388595,0.0006431545,0.0006472917,0.0006512756,0.0006551111,0.0006588029,0.0006623555,0.0006657735,0.0006690615,0.0006722237,0.0006752645,0.0006781882,0.0006809987,0.0006837001,0.0006862962,0.0006887909,0.0006911878,0.0006934904,0.0006957022,0.0006978265,0.0006998666,0.0007018256,0.0007037064,0.0007055121,0.0007072454,0.0007089091,0.0007105057,0.0007120379,0.0007135080,0.0007149185,0.0007162715,0.0007175694,0.0007188142,0.0007200079,0.0007211525,0.0007222500,0.0007233020,0.0007243105,0.0007252770,0.0007262032,0.0007270907,0.0007279410,0.0007287554,0.0007295355,0.0007302825,0.0007309978,0.0007316826,0.0007323380,0.0007329653,0.0007335656,0.0007341398,0.0007346891,0.0007352143,0.0007357166,0.0007361967,0.0007366555,0.0007370939,0.0007375127
"Consumption Per Capita ",9.7056568495,10.9898783524,11.9960574367,12.8779546381,13.7070256605,14.5212963514,15.4694498862,16.5188133512,17.6445137853,18.8495156822,20.1258279258,21.4703279045,22.8984134269,24.3950259910,25.9852793075,27.6528378293,29.4062793956,31.2446940583,33.1777793154,35.2182638421,37.3580481803,39.6152050444,41.9685587184,44.4474251509,47.0789484294,49.8163825075,52.6805752377,55.7301833781,58.9210089653,62.2369628547,65.6932368934,69.3312411743,73.0507500575,76.9707261537,81.0639846823,85.3486082034,89.8135754090,94.4436034469,99.1843978021,104.1101552812,109.1867180411,114.5645205786,120.2056686671,125.7313514173,131.6976715050,138.0287354282,144.5068275538,151.1228342893,157.9718710134,165.0989295400,172.4116610664,180.1415763831,188.0199331764,196.0733938116,204.5950157630,213.1901265186,221.8633605256,231.2541459131,240.5905037103,250.1466801232,260.5672909707,270.8212030714,281.8160978696,292.8349671088,303.6916639659,315.6952387373,328.0699183758,340.7661464177,353.1155797900,366.0581861089,379.3435700535,393.3566530287,407.6176082608,422.3708260735,436.9351189463,452.9356799463,468.6657233928,483.1275475167,500.4627440727,517.7383897278,534.9034328929,550.7344088170,568.1359384520,585.9260232564,606.9605764507,625.8527921979,645.2686112630,665.8351602051,687.7968515959,706.9964024197,728.4855346629,747.0497925670,767.4621822723,790.6579637902,815.0430161903,839.4736572784,861.3942232703,886.0900502537,911.8433126106,937.0566062287,962.2990696007,988.0438244982,1013.5979393017,1041.2358216596,1069.0936826482,1094.0841819213,1121.2187099736,1149.6705534685,1178.5761548205,1206.4708293767,1235.6742069770,1265.6629687705,1297.0451835488,1328.5106836122,1363.1507451451,1395.8513470736,1426.8615226201,1459.5643212643,1494.3892352451,1528.9571299372,1564.5655602473,1597.4403149658,1632.4999087100,1669.3860185904,1705.6375377539,1746.3223059207,1782.4289585023,1819.4146134355,1856.8553399420,1893.9206040312,1930.3351968442,1972.3390185873,2010.9159142122,2051.8411867898,2092.8634697613,2133.7232914062,2173.4933057810,2212.1590720283,2255.5345473217,2300.3127076979,2343.2004012323,2386.6199606530,2430.6454858753,2475.5652992709,2521.8169436534,2571.5798236292,2629.5852761668,2710.3167771529,2856.0219087943,3201.1593837960,2663.2649862196,2734.9720453557,2802.3725851746,2866.3855046595,2927.7938863153,2987.0447970424,3044.7301439405,3101.1460868398,3156.5991294423,3211.3740138636
"Carbon Price (per t CO2)",32.6299034524,96.4424861916,179.8949730679,277.9237250110,387.2453919080,505.4531039702,511.6125804114,512.6950553175,513.5862431376,514.2628383006,514.6712772334,514.7834806831,514.6271343956,514.1413418230,513.3755586095,512.2739620040,510.8469213360,509.0812798497,506.9880901003,504.5863868545,501.8592164397,498.8406578001,495.5013434800,491.8935506218,488.0652492528,482.6976232660,470.6301826844,458.8644281173,447.3928174143,436.2079969790,425.3027970545,414.6702271281,404.3034714499,394.1958846637,384.3409875471,364.5734408667,344.3362324657,331.4139028562,322.3380012049,314.8029708883,307.7314451857,300.7790675106,293.8121566857,286.6575200243,279.4912939288,272.3210703498,265.1197679980,257.9093367848,250.7329930939,243.6230865421,236.5747839405,229.6579548154,222.8417642824,216.1365639704,209.6070357090,203.2022360439,196.9079177831,190.8178278887,184.8318210787,178.9557584410,173.2655901961,167.6385097530,162.1522012881,156.7260906011,151.2834419796,145.8927132834,140.4679126811,134.9611699588,129.2308470796,123.2113323088,116.7307651048,112.5116487439,109.6988575253,106.9563860871,104.2824764350,101.6754145241,99.1335291610,96.6551909320,94.2388111587,91.8828408797,89.5857698577,87.3461256113,85.1624724710,83.0334106592,80.9575753927,78.9336360079,76.9602951077,75.0362877300,73.1603805368,71.3313710233,69.5480867478,67.8093845791,66.1141499646,64.4612962155,62.8497638101,61.2785197148,59.7465567220,58.2528928039,56.7965704838,55.3766562217,53.9922398162,52.6424338208,51.3263729753,50.0432136509,48.7921333096,47.5723299769,46.3830217274,45.2234461843,44.0928600297,42.9905385289,41.9157750657,40.8678806890,39.8461836718,38.8500290800,37.8787783530,36.9318088942,36.0085136718,35.1083008300,34.2305933093,33.3748284766,32.5404577646,31.7269463205,30.9337726625,30.1604283460,29.4064176373,28.6712571964,27.9544757665,27.2556138723,26.5742235255,25.9098679374,25.2621212389,24.6305682080,24.0148040028,23.4144339027,22.8290730551,22.2583462287,21.7018875730,21.1593403837,20.6303568741,20.1145979523,19.6117330034,19.1214396784,18.6434036864,18.1773185942,17.7228856294,17.2798134886,16.8478181514,16.4266226976,16.0159571302,15.6155582020,15.2251692469,14.8445400157,14.4734265153,14.1115908525,13.7588010811,13.4148310541,13.0794602778,12.7524737708,0.0000000000,0.0000000000
"Emissions Control Rate",0.1500000000,0.3000000000,0.4500000000,0.6000000000,0.7500000000,0.9000000000,0.9213026952,0.9372342544,0.9532167748,0.9692172650,0.9851644921,1.0010137301,1.0167863307,1.0323939900,1.0478834867,1.0631683641,1.0782438056,1.0930733446,1.1076513030,1.1219830232,1.1360236821,1.1497990939,1.1632443397,1.1764121349,1.1893531707,1.2000000000,1.2000000000,1.2000000000,1.2000000000,1.2000000000,1.2000000000,1.2000000000,1.2000000000,1.2000000000,1.2000000000,1.1795627917,1.1563564840,1.1470473741,1.1452926170,1.1464843937,1.1483477435,1.1501192412,1.1514731874,1.1519521277,1.1519526736,1.1514692720,1.1504030094,1.1487822599,1.1467007545,1.1442319256,1.1413462942,1.1382435520,1.1348259246,1.1311199126,1.1273383245,1.1233188019,1.1190109311,1.1147533836,1.1101956876,1.1053561597,1.1005341002,1.0952519554,1.0898188446,1.0838968667,1.0771256951,1.0697686809,1.0613941732,1.0517042531,1.0398940500,1.0254488388,1.0072105980,1.0000000000,1.0000000000,1.0000000000,1.0000000000,1.0000000000,1.0000000000,1.0000000000,1.0000000000,1.0000000000,1.0000000000,1.0000000000,1.0000000000,1.0000000000,1.0000000000,1.0000000000,1.0000000000,1.0000000000,1.0000000000,1.0000000000,1.0000000000,1.0000000000,1.0000000000,1.0000000000,1.0000000000,1.0000000000,1.0000000000,1.0000000000,1.0000000000,1.0000000000,1.0000000000,1.0000000000,1.0000000000,1.0000000000,1.0000000000,1.0000000000,1.0000000000,1.0000000000,1.0000000000,1.0000000000,1.0000000000,1.0000000000,1.0000000000,1.0000000000,1.0000000000,1.0000000000,1.0000000000,1.0000000000,1.0000000000,1.0000000000,1.0000000000,1.0000000000,1.0000000000,1.0000000000,1.0000000000,1.0000000000,1.0000000000,1.0000000000,1.0000000000,1.0000000000,1.0000000000,1.0000000000,1.0000000000,1.0000000000,1.0000000000,1.0000000000,1.0000000000,1.0000000000,1.0000000000,1.0000000000,1.0000000000,1.0000000000,1.0000000000,1.0000000000,1.0000000000,1.0000000000,1.0000000000,1.0000000000,1.0000000000,1.0000000000,1.0000000000,1.0000000000,1.0000000000,1.0000000000,1.0000000000,1.0000000000,1.0000000000,1.0000000000,0.0000000000,0.0000000000
"Social cost of carbon",1647.1937280246,1677.7668628241,1701.0240700601,1720.7795084831,1738.6428850909,1755.4130081229,1773.2459080800,1791.5482680773,1809.8722098577,1828.1732929720,1846.2900739275,1864.1412134805,1881.8418868694,1899.1921767315,1916.3867487258,1933.2297248371,1949.7609753766,1965.9362566436,1981.7953946582,1997.3937501364,2012.6401360908,2027.6255866133,2042.1912988741,2056.4930809919,2070.6529689089,2084.3970055487,2097.8235564169,2111.2222245794,2124.3720136406,2137.2035198457,2149.7876541108,2162.2959296913,2174.3543629800,2186.4187559413,2198.3917116592,2210.3073702583,2222.0983431047,2233.6556314529,2244.7638163132,2255.6125399814,2266.1034576260,2276.6231798027,2287.0823375979,2296.6142689741,2306.5003110425,2316.5604412346,2326.3585449940,2335.9095357937,2345.4174379232,2354.9769748522,2364.4344586211,2374.1945396802,2383.8260994252,2393.3873317409,2403.3283582398,2413.0778882692,2422.6505410308,2432.9054672318,2442.8213617288,2452.7407218374,2463.4266746085,2473.6460129615,2484.4231066008,2494.9526939477,2505.0170470671,2515.9118544353,2526.8128686935,2537.6400501344,2547.7216302301,2557.8139766215,2567.5625116813,2577.1548663688,2586.0986739910,2594.5615355181,2602.0078956912,2609.6431109857,2616.2489500181,2621.1435784295,2627.1423308115,2632.3165215361,2636.6600415173,2639.3868462958,2642.1960747074,2644.3365277859,2647.4485587282,2648.5899725678,2649.1806404440,2649.5385658711,2649.8353585591,2648.0404757132,2646.5493564633,2642.9018829297,2639.1315015627,2635.6095909595,2631.6857494745,2626.9418971597,2620.3248117939,2613.8441852641,2606.8766158336,2598.8524402428,2589.9610602358,2580.3509961173,2569.7529323326,2558.9000523153,2547.2393655853,2533.7633917464,2519.8837862858,2505.3374293973,2489.8722641871,2473.0340327781,2455.3764898452,2436.7219417800,2417.2031965118,2396.4724592853,2375.2984887293,2352.5540575016,2328.2241503155,2302.9605793142,2276.8526341276,2249.4215294651,2220.9303552107,2190.6029480185,2159.2514538034,2126.8083956197,2092.8151235064,2058.1661164321,2021.4340708005,1983.3727114463,1943.8775159391,1902.7677539166,1859.8780482106,1816.0362063227,1770.0778227050,1722.6501815018,1673.4807929894,1622.5093085436,1569.5680059444,1514.5099116240,1457.8448871501,1399.3070926684,1338.5770555682,1275.7937640876,1210.9116756664,1143.8998167794,1074.7319637883,1003.5123917757,930.5496450154,856.8202819284,784.7551968944,717.8099830480,624.6566099654,547.7481756071,469.2975621674,389.6518623031,309.1471557606,228.1587051107,147.3106443964,68.4995144212,0.0000000000,0.0000000000
"Interest Rate ",0.0061889858,0.0047144930,0.0040449939,0.0037017800,0.0035137499,0.0037362758,0.0038319169,0.0038436472,0.0038491624,0.0038272555,0.0037931734,0.0037822449,0.0037387175,0.0037322657,0.0036940131,0.0036651762,0.0036315120,0.0036070015,0.0035930985,0.0035649624,0.0035521603,0.0035137484,0.0035008462,0.0035061694,0.0034659913,0.0034413043,0.0034562435,0.0034321900,0.0033950855,0.0033668116,0.0033609012,0.0032950490,0.0032955295,0.0032771831,0.0032648131,0.0032442115,0.0032151072,0.0031633877,0.0031429614,0.0031084981,0.0031273099,0.0031267996,0.0030015088,0.0030584051,0.0030821391,0.0030384820,0.0029944038,0.0029766624,0.0029687940,0.0029371908,0.0029579700,0.0029157193,0.0028810654,0.0029052304,0.0028494080,0.0027982812,0.0028615913,0.0027863163,0.0027611308,0.0028358410,0.0027469543,0.0027950149,0.0027371989,0.0026589584,0.0027536405,0.0027410078,0.0027217660,0.0026266831,0.0026426412,0.0026287301,0.0026537717,0.0026272372,0.0026248861,0.0025585903,0.0026413794,0.0025681584,0.0024178357,0.0026127866,0.0025600285,0.0025070642,0.0023687394,0.0024465903,0.0024355547,0.0026135018,0.0024282779,0.0024242742,0.0024573129,0.0025004570,0.0023032112,0.0023998433,0.0022082781,0.0022801708,0.0023931901,0.0024172145,0.0023834848,0.0022328565,0.0023326496,0.0023480163,0.0022929263,0.0022651058,0.0022578965,0.0022231298,0.0022779504,0.0022579446,0.0021257923,0.0021815999,0.0022040739,0.0021949514,0.0021372559,0.0021582987,0.0021607850,0.0021813631,0.0021604023,0.0022313751,0.0021498189,0.0020803527,0.0021079267,0.0021447615,0.0021162488,0.0021224217,0.0020331188,0.0020698189,0.0020952076,0.0020607233,0.0021444997,0.0020199171,0.0020228354,0.0020160930,0.0019918495,0.0019629884,0.0020624642,0.0019760359,0.0020071816,0.0019930913,0.0019746383,0.0019398482,0.0019064276,0.0019779542,0.0019875763,0.0019400646,0.0019355688,0.0019322943,0.0019336244,0.0019415981,0.0019828749,0.0020936980,0.0024117592,0.0032992791,0.0057792498,-0.0061402006,0.0022645771,0.0021754513,0.0021049096,0.0020492723,0.0020026968,0.0019663208,0.0019355303,0.0019100414,0.0018892094,0.0000000000
"Population",7.9880882511,8.2195577653,8.4404160440,8.6498055130,8.8511710480,9.0376494429,9.2168896096,9.3870411587,9.5447383724,9.6962057296,9.8346883482,9.9616922393,10.0837649838,10.1909429462,10.2965525470,10.3878454778,10.4730436333,10.5508271557,10.6251598499,10.6967224273,10.7603106327,10.8216074920,10.8726514994,10.9243294049,10.9744166474,11.0082733033,11.0396919739,11.0783522936,11.1046761869,11.1225496459,11.1376774317,11.1532197634,11.1528317842,11.1651198168,11.1721173161,11.1752185836,11.1737847287,11.1680607617,11.1535772858,11.1426299331,11.1270013338,11.1203864509,11.1045104093,11.0583975036,11.0511585863,11.0349261872,10.9969489604,10.9525350870,10.9105452266,10.8683777718,10.8189532718,10.7772015339,10.7181348417,10.6573825772,10.6062556314,10.5358578785,10.4661174481,10.4201821241,10.3453622235,10.2808368581,10.2359996752,10.1557233540,10.0981983151,10.0163252489,9.9299257205,9.8780815323,9.8019789308,9.7166816912,9.6129017567,9.5303773283,9.4440244544,9.3639182333,9.2713586038,9.1790407008,9.0731309864,8.9909510004,8.8770353317,8.7511791803,8.6888068582,8.5823135061,8.4705426897,8.3480689441,8.2699546817,8.1851259688,8.1284372035,8.0070636068,7.9109505001,7.8211164644,7.7288351844,7.5981793054,7.5145684815,7.3972015180,7.3302800719,7.2781796821,7.2121860625,7.1321465027,7.0345721127,6.9749074034,6.9045970022,6.8226262931,6.7443253139,6.6708059909,6.5967535234,6.5366003296,6.4669982060,6.3855403856,6.3341375346,6.2841831627,6.2326921074,6.1780436981,6.1370349119,6.0973983947,6.0614568772,6.0208271222,5.9890841455,5.9361897006,5.8842702950,5.8465957327,5.8117702924,5.7689806685,5.7290460585,5.6791662655,5.6460693969,5.6136323573,5.5747130998,5.5470205787,5.4945863855,5.4563104395,5.4195201226,5.3834497871,5.3505439163,5.3335208862,5.2974831302,5.2739846823,5.2464869094,5.2188940279,5.1911584642,5.1669329883,5.1565811217,5.1404253545,5.1175245422,5.0990974282,5.0816428038,5.0651444992,5.0491243544,5.0345164695,5.0203725927,5.0080443340,4.9987866679,4.9898701739,4.9819679359,4.9744010413,4.9675048333,4.9612745080,4.9553771241,4.9504723660,4.9458967495,4.9419794160,4.9387175562,4.9357834334
"TFP",5.4028103630,5.6573930502,5.9214718468,6.1952864488,6.4790782114,6.7730900105,7.0775661022,7.3927519783,7.7188942191,8.0562403435,8.4050386567,8.7655380946,9.1379880672,9.5226382989,9.9197386677,10.3295390418,10.7522891157,11.1882382445,11.6376352771,12.1007283883,12.5777649108,13.0689911665,13.5746522967,14.0949920934,14.6302528300,15.1806750922,15.7464976101,16.3279570899,16.9252880474,17.5387226422,18.1684905134,18.8148186158,19.4779310594,20.1580489488,20.8553902263,21.5701695158,22.3025979697,23.0528831183,23.8212287215,24.6078346230,25.4128966088,26.2366062669,27.0791508516,27.9407131503,28.8214713546,29.7215989339,30.6412645138,31.5806317573,32.5398592507,33.5191003930,34.5185032896,35.5382106502,36.5783596907,37.6390820397,38.7205036491,39.8227447095,40.9459195699,42.0901366617,43.2554984274,44.4421012546,45.6500354132,46.8793849988,48.1302278797,49.4026356488,50.6966735808,52.0124005931,53.3498692120,54.7091255437,56.0902092493,57.4931535250,58.9179850866,60.3647241586,61.8333844681,63.3239732424,64.8364912121,66.3709326176,67.9272852209,69.5055303202,71.1056427707,72.7275910075,74.3713370741,76.0368366541,77.7240391069,79.4328875073,81.1633186893,82.9152632927,84.6886458136,86.4833846591,88.2993922044,90.1365748536,91.9948331037,93.8740616120,95.7741492659,97.6949792559,99.6364291520,101.5983709815,103.5806713109,105.5831913288,107.6057869326,109.6483088167,111.7106025629,113.7925087329,115.8938629635,118.0144960625,120.1542341072,122.3128985444,124.4903062918,126.6862698409,128.9005973617,131.1330928076,133.3835560229,135.6517828500,137.9375652386,140.2406913551,142.5609456932,144.8981091846,147.2519593112,149.6222702167,152.0088128199,154.4113549267,156.8296613438,159.2634939919,161.7126120189,164.1767719129,166.6557276162,169.1492306373,171.6570301645,174.1788731779,176.7145045615,179.2636672149,181.8261021641,184.4015486723,186.9897443492,189.5904252604,192.2033260354,194.8281799755,197.4647191594,200.1126745500,202.7717760976,205.4417528447,208.1223330273,210.8132441771,213.5142132208,216.2249665796,218.9452302662,221.6747299816,224.4131912097,227.1603393110,229.9158996149,232.6795975099,235.4511585338,238.2303084604,241.0167733868,243.8102798174,246.6105547475,249.4173257448,252.2303210294,255.0492695524,257.8739010724,260.7039462311
"Output gross,gross",133.0935743874,150.6207237273,167.8173052210,185.3506600981,203.5027827587,222.1853954517,241.4222977572,261.9621286115,283.7169836250,306.8129909234,331.1034255907,356.6326174165,383.6041328006,411.7637027519,441.5332210801,472.5405906753,505.0740073374,539.1326369911,574.9165448220,612.5115357850,651.7332373529,692.8673706772,735.5692885913,780.4230692858,827.3682036404,875.5534471206,925.7866387354,978.8550993709,1033.4706747565,1089.8208952519,1148.3384390850,1209.3126225681,1271.4108375444,1337.1121586838,1404.9431533033,1474.9907047343,1547.3399451328,1621.9931802346,1698.3438937699,1777.8125298870,1859.5270785738,1945.2569037151,2032.5594911187,2118.3124557375,2212.6536422681,2308.7144139817,2403.9524356663,2500.6129152573,2600.3377904864,2702.7609004290,2806.4995245624,2914.3976020138,3021.2355562837,3130.0982163262,3243.6187410644,3355.0305310964,3468.9753643241,3591.6270851077,3709.2239490851,3832.0476732276,3963.1711706243,4086.1055456561,4217.9587535352,4343.9977691816,4470.3622509868,4610.9473234863,4744.8493000785,4876.2601803706,5001.4207621109,5136.3436968180,5271.4011418404,5410.4598063939,5544.8945635098,5679.8350791862,5808.6930435551,5949.4446234822,6073.9392431166,6191.9235826244,6345.2810946874,6474.3730604843,6599.0380149521,6717.0371465150,6863.6733865114,7008.0350896704,7171.2068634241,7289.2538913067,7422.9725631365,7560.7279669240,7695.1358887140,7798.0682817425,7936.8522895606,8049.0634919756,8205.1523862299,8376.8660649957,8536.6302941980,8681.7342628502,8808.8064669891,8972.1597901567,9125.1285218843,9264.6706925910,9406.6307550025,9553.1123118032,9698.8410745515,9860.0913309370,10009.6874621296,10144.4848042947,10317.0306564418,10493.4758656641,10668.7925909473,10840.7824221266,11032.7274832279,11228.6000320157,11430.9864189126,11627.2968351386,11836.4201025500,12012.1643778410,12188.3293917650,12388.1428578850,12593.7470505287,12785.9331444394,12982.0867258799,13160.7806417779,13370.1735455257,13582.0705417592,13781.9954609832,14002.1221406324,14172.6729226705,14370.0488623569,14571.3673823132,14775.2536420035,14987.7414122475,15236.2141959540,15443.8263733665,15679.4388509975,15906.7265445386,16134.0537851615,16362.1091304225,16601.2134439102,16877.7215294018,17141.4466803383,17387.9056160009,17646.5564646530,17909.1830656282,18175.5651709295,18443.8921962436,18715.3241167571,18983.1675010909,19240.1002452725,19458.1602490168,19535.7859154791,19156.0266825685,19641.9207584366,20098.0803792898,20531.3919588601,20946.3269461399,21349.0801696875,21741.2627739285,22126.5746086972,22507.3051003334,22884.2689262462
"Change tfp",0.0450000000,0.0445968170,0.0441972465,0.0438012559,0.0434088132,0.0430198867,0.0426344448,0.0422524563,0.0418738903,0.0414987161,0.0411269033,0.0407584219,0.0403932418,0.0400313337,0.0396726681,0.0393172160,0.0389649487,0.0386158375,0.0382698542,0.0379269708,0.0375871595,0.0372503928,0.0369166434,0.0365858842,0.0362580886,0.0359332298,0.0356112817,0.0352922181,0.0349760132,0.0346626414,0.0343520772,0.0340442956,0.0337392717,0.0334369806,0.0331373979,0.0328404993,0.0325462609,0.0322546587,0.0319656692,0.0316792689,0.0313954347,0.0311141435,0.0308353725,0.0305590993,0.0302853013,0.0300139565,0.0297450428,0.0294785385,0.0292144220,0.0289526718,0.0286932668,0.0284361860,0.0281814086,0.0279289138,0.0276786813,0.0274306908,0.0271849222,0.0269413556,0.0266999713,0.0264607497,0.0262236714,0.0259887172,0.0257558681,0.0255251053,0.0252964100,0.0250697638,0.0248451482,0.0246225451,0.0244019364,0.0241833043,0.0239666310,0.0237518991,0.0235390911,0.0233281897,0.0231191780,0.0229120389,0.0227067557,0.0225033118,0.0223016907,0.0221018760,0.0219038515,0.0217076013,0.0215131094,0.0213203601,0.0211293378,0.0209400269,0.0207524122,0.0205664784,0.0203822106,0.0201995937,0.0200186130,0.0198392538,0.0196615016,0.0194853420,0.0193107607,0.0191377436,0.0189662767,0.0187963460,0.0186279379,0.0184610386,0.0182956347,0.0181317127,0.0179692595,0.0178082617,0.0176487064,0.0174905807,0.0173338717,0.0171785668,0.0170246533,0.0168721189,0.0167209511,0.0165711377,0.0164226666,0.0162755257,0.0161297032,0.0159851871,0.0158419659,0.0157000279,0.0155593616,0.0154199556,0.0152817987,0.0151448795,0.0150091871,0.0148747105,0.0147414387,0.0146093610,0.0144784667,0.0143487451,0.0142201858,0.0140927783,0.0139665124,0.0138413777,0.0137173642,0.0135944618,0.0134726606,0.0133519506,0.0132323222,0.0131137656,0.0129962713,0.0128798296,0.0127644312,0.0126500667,0.0125367269,0.0124244026,0.0123130847,0.0122027641,0.0120934319,0.0119850794,0.0118776976,0.0117712779,0.0116658117,0.0115612905,0.0114577057,0.0113550490,0.0112533121,0.0111524866,0.0110525646,0.0109535378,0.0108553982,0.0107581380
"Capital",341.0027556143,413.2836301617,478.4551722851,541.2871107688,603.2843431101,664.2007955517,722.6831275839,786.2142243578,854.3806724672,926.9725000007,1003.7798138318,1084.8365714577,1170.3685253431,1260.2857987324,1354.9696106633,1454.2345980325,1558.3923992952,1667.6741802357,1782.4503686911,1902.9359479152,2029.0687787334,2161.1222551141,2298.9709760013,2443.2225999228,2593.7808577805,2749.7536178373,2911.9923249886,3082.0980944082,3258.5660852794,3441.2303454118,3630.6359475357,3827.0243711626,4029.4421768260,4240.1696819599,4458.1222007065,4682.9733793409,4916.2456025993,5157.7995438159,5406.3624908467,5663.3129518902,5928.5087400129,6203.2312509377,6484.2852431929,6769.5528680048,7069.2401758061,7376.7456147127,7687.0929656353,8002.3583774289,8325.4030147613,8656.3183133196,8993.8260352808,9339.6399775368,9688.4960114393,10043.3479389259,10406.8141938626,10772.6160517343,11146.4236630502,11534.3719309271,11923.3734147175,12323.1378065843,12736.0598009032,13145.1911174522,13563.7240685829,13979.0804544541,14399.1495678807,14837.9803502110,15272.0767191303,15699.3514686571,16119.8352601699,16552.7287149050,16991.3294350178,17435.5406632993,17874.4640352731,18310.4158084619,18739.7153141008,19177.0536165749,19594.2542281644,20007.7726725218,20460.4727029356,20889.0257186057,21303.8086613537,21717.5902290720,22173.2926472912,22642.6472631761,23125.5312429469,23553.6198247244,23986.9667392730,24423.5819617043,24846.3437748869,25232.7365443302,25655.0834274690,26072.0450511820,26557.0502163322,27079.7479830202,27589.1451413211,28068.4577279303,28525.9350860118,29023.5818071821,29513.5708274909,29982.8655122573,30451.5322416655,30928.2001788111,31411.8907919908,31915.1897872529,32406.4704343656,32890.0546828869,33429.2380112469,33992.6833793073,34564.0455926743,35143.2673042912,35757.3461499152,36391.1980092976,37038.8473766504,37683.5103349819,38331.7260927094,38935.3152239211,39536.1372482787,40172.2414358886,40822.6288135461,41458.4240680484,42091.6166101049,42712.4034084560,43374.6530514100,44049.9049771544,44715.0421768955,45387.8875189226,46002.9363559195,46642.0961654012,47298.9781044407,47973.4191645087,48678.5946794792,49432.0950929283,50152.7459537632,50900.6154840599,51646.3542036568,52394.9350968247,53155.6266291242,53951.9966899131,54807.9274209128,55658.4876133790,56487.9024751746,57330.9587766083,58186.2413129360,59050.8281790081,59917.3778262215,60771.8459426949,61567.3476251762,62185.6752590541,62290.9795939656,60911.6508698027,55048.6288964502,57751.2358191120,60168.3829378602,62350.0783500491,64339.1124987666,66170.7927306111,67876.5564669748,69480.8036244804,71004.7250802350,72465.9352759834
"s",0.4145488776,0.3953243248,0.3878970205,0.3844186025,0.3813997085,0.3772260238,0.3774866903,0.3767730473,0.3757620996,0.3743103670,0.3728909867,0.3716565315,0.3701486069,0.3690390925,0.3675421450,0.3663600466,0.3652330300,0.3642863444,0.3633340917,0.3622080451,0.3612145740,0.3600258804,0.3591762441,0.3581081929,0.3565505966,0.3554894201,0.3547559420,0.3532638004,0.3518868334,0.3507631185,0.3496845945,0.3482502433,0.3476781326,0.3465067120,0.3453041429,0.3442832997,0.3432973029,0.3422302147,0.3416233818,0.3408914966,0.3404471061,0.3392261244,0.3377731528,0.3384776284,0.3373955248,0.3357310238,0.3347070948,0.3341304617,0.3334846353,0.3326584122,0.3321534301,0.3308644277,0.3302016646,0.3298246969,0.3285937855,0.3282809867,0.3285497490,0.3271438515,0.3271763440,0.3272243497,0.3254569038,0.3254470426,0.3239564040,0.3235291834,0.3242478615,0.3225924890,0.3212509543,0.3200228594,0.3204166918,0.3199648875,0.3196199823,0.3184867536,0.3177343788,0.3167270253,0.3168378261,0.3148525053,0.3144011009,0.3165541641,0.3140786852,0.3130858416,0.3127983316,0.3149502574,0.3148835330,0.3150922730,0.3114578572,0.3119608437,0.3117629443,0.3106895041,0.3086505226,0.3105918574,0.3097432334,0.3129265014,0.3138481202,0.3125244821,0.3108930974,0.3098477900,0.3115931068,0.3106485459,0.3095378971,0.3094315505,0.3095488871,0.3095577759,0.3100888003,0.3092250186,0.3087836259,0.3108178331,0.3111282023,0.3110020879,0.3109783494,0.3119471036,0.3121492417,0.3122169125,0.3117236682,0.3115746390,0.3097627962,0.3096963680,0.3106420086,0.3106579860,0.3098683158,0.3096380416,0.3090500261,0.3101689185,0.3101134434,0.3095213106,0.3095807887,0.3076810704,0.3084691617,0.3086646208,0.3088774369,0.3094356307,0.3103776169,0.3090675701,0.3097190857,0.3093316166,0.3092094930,0.3092976089,0.3099169052,0.3109866712,0.3103702521,0.3096694099,0.3098540666,0.3098624929,0.3098091775,0.3096049374,0.3091295840,0.3077226297,0.3040558244,0.2940061445,0.2657489953,0.1817500364,0.3068450039,0.3068450039,0.3068450039,0.3068450039,0.3068450039,0.3068450039,0.3068450039,0.3068450039,0.3068450039,0.3068450039
"I",54.8975404396,59.0571352991,64.1644300576,69.5620131199,74.8021698082,79.4935825422,86.4594081164,93.7435009701,101.3763299240,109.3389537771,117.6936957248,126.5075549168,135.6957145858,145.4070877958,155.4872506196,166.0851257765,177.2020403832,188.9052970998,201.1765430465,213.9428242344,227.3103718058,241.1709506744,255.7575861393,270.8905274789,286.2957908384,302.4739791951,319.7518964972,337.2388581520,355.2452230810,373.9930085768,393.4302551364,413.1804700828,434.2354450179,455.6795008526,477.6674316753,500.7860030199,524.6188331737,548.7755411350,574.0248986876,599.9845326950,627.1161264894,654.0432204198,680.8363085724,711.4120450102,741.0898421833,769.8151375033,799.4892018269,830.5612525386,862.3665051862,894.4566616236,927.7135992724,959.9661559383,993.4781155289,1028.4045154619,1062.0161681361,1097.7288537786,1136.2096935212,1171.6054256905,1210.3328624184,1250.8307799678,1286.8678408646,1326.9599146534,1363.7085361524,1402.7999721946,1447.0001050753,1485.0630146088,1522.0025134704,1558.3360131730,1600.4562700804,1641.4634006174,1682.9538350571,1721.3182972426,1759.9771755826,1797.1407299107,1838.6003841985,1871.3940472271,1907.8537800633,1958.2688082224,1991.1137060552,2025.2363041634,2062.3712383150,2113.7231234326,2159.4389744336,2206.3471293639,2231.7025162054,2272.1259623496,2312.3610695915,2347.1841749348,2373.2506441459,2420.1394955507,2456.4964108524,2516.8431246735,2573.2194584380,2616.0029538998,2651.9903066358,2688.0098007835,2742.7250431598,2785.1265633517,2822.4907930055,2864.6744277433,2909.6777248790,2955.0776205458,3005.3071332972,3046.7656931527,3088.5792454115,3150.7960491408,3207.5896230361,3261.1264697198,3315.3593557439,3379.3014283623,3441.3642220031,3503.2213426241,3560.7301991346,3620.1490195025,3663.8289674453,3717.4308166801,3783.4657939645,3845.6882689278,3899.5758876578,3956.1418214992,4009.2049665632,4079.1036555485,4143.2609675588,4200.8871495167,4263.5405906553,4305.0554515416,4368.6518539786,4432.2966666211,4497.4880421238,4568.6573695175,4648.4665238627,4705.5828770062,4779.7545612555,4846.6018385924,4914.9142941196,4986.5729811797,5067.1816257605,5158.9739446554,5234.5028411779,5304.2883350071,5383.7592907353,5463.9907882628,5544.3527539593,5623.1080279082,5697.3591691265,5754.8906443172,5767.6929467669,5652.5407767051,5167.1755819339,3548.0118041213,5873.5951178666,6022.5773419092,6162.4423961163,6295.3017938603,6422.5265730034,6546.0161887864,6666.2646533519,6784.4064126629,6901.1635641640,7016.7448307005
"Y gross net",132.5083304714,149.9077279669,166.9610527636,184.3125256188,202.2633317234,220.7638283960,239.8349810618,260.2211524037,281.8295213361,304.7821770586,328.9284332373,354.3134612068,381.1425769213,409.1612307320,438.7888736767,469.6541603358,502.0465274752,535.9676960798,571.6158991110,609.0790056366,648.1773158527,689.1977935157,731.8000885889,776.5665972434,823.4386526222,871.5673249539,921.7603257133,974.8028186478,1029.4198184029,1085.7952194015,1144.3525506165,1205.3788211544,1267.5454033711,1333.3229053238,1401.2397491105,1471.3769763029,1543.8122471694,1618.5208975442,1694.8949548844,1774.3730141407,1856.0994922323,1941.8474657288,2029.1809730650,2114.9825499076,2209.3729949284,2305.4925320845,2400.8011313589,2497.5390622925,2597.3443491862,2699.8498376597,2803.6730668173,2911.6540240409,3018.5768880136,3127.5227174922,3241.1215421697,3352.6112021118,3466.6294809395,3589.3455419093,3707.0059707499,3829.8860668131,3961.0564400731,4084.0365331286,4215.9253584117,4341.9959710756,4468.3846624386,4608.9794915988,4742.8844254200,4874.2886003034,4999.4321954538,5134.3189404167,5269.3208641335,5408.2981096407,5542.6213824926,5677.4342228079,5806.1645182412,5946.7819102837,6071.1480578447,6189.0052418217,6342.2272339801,6471.2010507610,6595.7500526812,6713.6354260524,6860.1419916160,7004.3737070240,7167.4042403164,7285.3329166771,7418.9241576947,7556.5492764511,7690.8282372598,7793.6491220084,7932.3012064993,8044.3956459720,8200.3422260880,8371.9040314072,8531.5231263743,8676.4906232088,8803.4373831004,8966.6432365803,9119.4708823724,9258.8804592147,9400.7066765129,9547.0517996750,9692.6448777392,9853.7497685214,10003.2082749481,10137.8779486750,10310.2718547704,10486.5627334574,10661.7260574691,10833.5649160570,11025.3459102990,11221.0519008669,11423.2674791879,11619.4113401486,11828.3595162554,12003.9516603903,12179.9645875465,12379.6100179538,12585.0424066381,12777.0662226833,12973.0550595589,13151.5966997820,13360.8162072720,13572.5382970970,13772.2969819292,13992.2434737987,14162.6493646606,14359.8618042708,14561.0143424467,14764.7331016982,14977.0475386741,15225.3215450199,15432.7644001986,15668.1877656011,15895.2925641859,16122.4371391644,16350.3095540873,16589.2232180046,16865.5138389911,17129.0309506732,17375.2945677603,17633.7414783488,17896.1614650180,18162.3344326524,18430.4511098418,18701.6706234710,18969.3044254978,19226.0357741250,19443.9230521226,19521.4791164077,19141.9859792430,19627.5121219129,20083.3255787487,20516.3077699131,20930.9269064373,21333.3732978741,21725.2569289546,22110.2749459195,22490.7151026986,22867.3914867187
"damages",0.5852439160,0.7129957604,0.8562524574,1.0381344793,1.2394510352,1.4215670557,1.5873166954,1.7409762078,1.8874622889,2.0308138648,2.1749923535,2.3191562097,2.4615558793,2.6024720200,2.7443474033,2.8864303395,3.0274798623,3.1649409113,3.3006457110,3.4325301484,3.5559215002,3.6695771615,3.7692000024,3.8564720424,3.9295510182,3.9861221667,4.0263130220,4.0522807232,4.0508563536,4.0256758504,3.9858884685,3.9338014136,3.8654341733,3.7892533600,3.7034041928,3.6137284314,3.5276979634,3.4722826904,3.4489388855,3.4395157463,3.4275863415,3.4094379863,3.3785180538,3.3299058299,3.2806473397,3.2218818972,3.1513043074,3.0738529648,2.9934413002,2.9110627692,2.8264577451,2.7435779729,2.6586682701,2.5754988340,2.4971988948,2.4193289846,2.3458833846,2.2815431985,2.2179783352,2.1616064145,2.1147305512,2.0690125276,2.0333951236,2.0017981060,1.9775885482,1.9678318874,1.9648746584,1.9715800672,1.9885666571,2.0247564013,2.0802777069,2.1616967532,2.2731810173,2.4008563783,2.5285253139,2.6627131985,2.7911852719,2.9183408027,3.0538607074,3.1720097233,3.2879622709,3.4017204626,3.5313948954,3.6613826465,3.8026231077,3.9209746296,4.0484054418,4.1786904729,4.3076514543,4.4191597341,4.5510830613,4.6678460036,4.8101601419,4.9620335885,5.1071678237,5.2436396414,5.3690838887,5.5165535764,5.6576395119,5.7902333764,5.9240784896,6.0605121283,6.1961968124,6.3415624156,6.4791871814,6.6068556197,6.7588016714,6.9131322067,7.0665334781,7.2175060695,7.3815729289,7.5481311488,7.7189397247,7.8854949900,8.0605862946,8.2127174507,8.3648042185,8.5328399312,8.7046438906,8.8669217561,9.0316663210,9.1839419959,9.3573382538,9.5322446622,9.6984790540,9.8786668337,10.0235580099,10.1870580862,10.3530398665,10.5205403053,10.6938735734,10.8926509340,11.0619731679,11.2510853964,11.4339803527,11.6166459972,11.7995763352,11.9902259056,12.2076904107,12.4157296651,12.6110482406,12.8149863042,13.0216006102,13.2307382772,13.4410864018,13.6534932861,13.8630755931,14.0644711475,14.2371968943,14.3067990714,14.0407033255,14.4086365237,14.7548005411,15.0841889469,15.4000397025,15.7068718134,16.0058449740,16.2996627777,16.5899976347,16.8774395275
"damfrac",0.0043972364,0.0047337162,0.0051022894,0.0056009214,0.0060905852,0.0063981120,0.0065748554,0.0066459080,0.0066526236,0.0066190609,0.0065689213,0.0065029279,0.0064169170,0.0063203046,0.0062154947,0.0061083225,0.0059941312,0.0058704309,0.0057410867,0.0056040253,0.0054560997,0.0052962188,0.0051241944,0.0049415147,0.0047494586,0.0045526886,0.0043490723,0.0041398167,0.0039196626,0.0036938876,0.0034710050,0.0032529235,0.0030402715,0.0028339084,0.0026359815,0.0024500008,0.0022798468,0.0021407505,0.0020307659,0.0019346898,0.0018432570,0.0017526929,0.0016621989,0.0015719616,0.0014826755,0.0013955307,0.0013108846,0.0012292398,0.0011511740,0.0010770700,0.0010071114,0.0009413877,0.0008799937,0.0008228173,0.0007698805,0.0007211049,0.0006762468,0.0006352394,0.0005979629,0.0005640865,0.0005335956,0.0005063532,0.0004820804,0.0004608193,0.0004423777,0.0004267739,0.0004141069,0.0004043222,0.0003976004,0.0003942019,0.0003946347,0.0003995403,0.0004099593,0.0004226983,0.0004353002,0.0004475566,0.0004595346,0.0004713141,0.0004812806,0.0004899331,0.0004982487,0.0005064317,0.0005145051,0.0005224550,0.0005302626,0.0005379117,0.0005453887,0.0005526836,0.0005597889,0.0005666993,0.0005734116,0.0005799241,0.0005862365,0.0005923496,0.0005982651,0.0006039853,0.0006095132,0.0006148524,0.0006200066,0.0006249799,0.0006297769,0.0006344019,0.0006388595,0.0006431545,0.0006472917,0.0006512756,0.0006551111,0.0006588029,0.0006623555,0.0006657735,0.0006690615,0.0006722237,0.0006752645,0.0006781882,0.0006809987,0.0006837001,0.0006862962,0.0006887909,0.0006911878,0.0006934904,0.0006957022,0.0006978265,0.0006998666,0.0007018256,0.0007037064,0.0007055121,0.0007072454,0.0007089091,0.0007105057,0.0007120379,0.0007135080,0.0007149185,0.0007162715,0.0007175694,0.0007188142,0.0007200079,0.0007211525,0.0007222500,0.0007233020,0.0007243105,0.0007252770,0.0007262032,0.0007270907,0.0007279410,0.0007287554,0.0007295355,0.0007302825,0.0007309978,0.0007316826,0.0007323380,0.0007329653,0.0007335656,0.0007341398,0.0007346891,0.0007352143,0.0007357166,0.0007361967,0.0007366555,0.0007370939,0.0007375127
"abatement",0.0811465834,0.5186527160,1.5449070529,3.3587094742,6.1379332345,10.0318599739,10.7953610224,11.4148706134,12.0409236237,12.6744413248,13.3034921134,13.9251074277,14.5446428363,15.1458248906,15.7428292180,16.3156281664,16.8712398895,17.4050324399,17.9201473737,18.4161887138,18.8827409962,19.3266431365,19.7329895715,20.1177562151,20.4788663996,20.7009921370,20.4311055823,20.1653556492,19.8758701595,19.5685016656,19.2522135158,18.9317817851,18.5872312509,18.2560245772,17.9159704511,16.8016208070,15.6358566563,14.9934545609,14.6092097652,14.3275488675,14.0626084638,13.8025029140,13.5195655243,13.1832422666,12.8712995007,12.5404874158,12.1777224924,11.7996647532,11.4186007819,11.0356400796,10.6457629574,10.2657947938,9.8757757748,9.4890309630,9.1183359367,8.7414742432,8.3717987351,8.0297988513,7.6771999133,7.3380779077,7.0218934613,6.6914016984,6.3819775838,6.0657240573,5.7488922362,5.4531693725,5.1474842127,4.8364112573,4.5105480785,4.1829020517,3.8370768722,3.6202769050,3.4751874943,3.3344895277,3.1945672645,3.0653583474,2.9320924894,2.8006983275,2.6894049605,2.5715718360,2.4564511560,2.3434879098,2.2445531157,2.1482689301,2.0607934594,1.9638386880,1.8750451584,1.7907674884,1.7090867575,1.6241926337,1.5503576373,1.4746616672,1.4100269973,1.3503499378,1.2909380379,1.2317135320,1.1725589102,1.1206216412,1.0694866526,1.0189917218,0.9709769443,0.9255154352,0.8819670131,0.8416603247,0.8021018203,0.7631706189,0.7287164459,0.6959289614,0.6644035469,0.6339832862,0.6059404035,0.5792042642,0.5538321827,0.5291645635,0.5060331836,0.4824536455,0.4599209818,0.4392167781,0.4195563225,0.4002756566,0.3819368019,0.3638963154,0.3474647573,0.3317768345,0.3164660601,0.3022542442,0.2876221419,0.2741885074,0.2614208100,0.2492596505,0.2377709043,0.2273177298,0.2167070621,0.2069372737,0.1974727459,0.1884152418,0.1797570725,0.1715886838,0.1641317584,0.1568498511,0.1497164544,0.1429866818,0.1365690975,0.1304467525,0.1245931583,0.1190043353,0.1136280122,0.1084183514,0.1032293929,0.0975811551,0.0900951188,0.0869896909,0.0838211490,0.0806417173,0.0774851878,0.0743851880,0.0713535436,0.0684061898,0.0000000000,0.0000000000
"sigma",0.3238765098,0.3094394085,0.2956701076,0.2825366411,0.2700086229,0.2580571660,0.2466548065,0.2357754316,0.2253942107,0.2154875307,0.2060329346,0.1970090627,0.1883955981,0.1801732135,0.1723235217,0.1648290290,0.1576730895,0.1508398635,0.1443142770,0.1380819835,0.1321293277,0.1264433113,0.1210115606,0.1158222950,0.1108642984,0.1061268905,0.1015999011,0.0972736447,0.0931388964,0.0891868698,0.0854091953,0.0817978995,0.0783453860,0.0750444173,0.0718880967,0.0688698523,0.0659834209,0.0632228332,0.0605823993,0.0580566957,0.0556405518,0.0533290384,0.0511174554,0.0490013213,0.0469763625,0.0450385035,0.0431838571,0.0414087158,0.0397095428,0.0380829643,0.0365257617,0.0350348638,0.0336073404,0.0322403951,0.0309313594,0.0296776865,0.0284769454,0.0273268158,0.0262250826,0.0251696311,0.0241584423,0.0231895884,0.0222612287,0.0213716052,0.0205190389,0.0197019265,0.0189187361,0.0181680048,0.0174483349,0.0167583908,0.0160968969,0.0154626339,0.0148544368,0.0142711924,0.0137118364,0.0131753518,0.0126607666,0.0121671513,0.0116936175,0.0112393158,0.0108034339,0.0103851953,0.0099838573,0.0095987095,0.0092290728,0.0088742973,0.0085337615,0.0082068708,0.0078930564,0.0075917741,0.0073025032,0.0070247453,0.0067580236,0.0065018818,0.0062558831,0.0060196093,0.0057926604,0.0055746532,0.0053652210,0.0051640125,0.0049706917,0.0047849364,0.0046064384,0.0044349025,0.0042700457,0.0041115973,0.0039592977,0.0038128984,0.0036721613,0.0035368582,0.0034067704,0.0032816886,0.0031614120,0.0030457482,0.0029345128,0.0028275292,0.0027246279,0.0026256465,0.0025304294,0.0024388273,0.0023506972,0.0022659018,0.0021843095,0.0021057942,0.0020302348,0.0019575153,0.0018875243,0.0018201550,0.0017553051,0.0016928761,0.0016327739,0.0015749079,0.0015191913,0.0014655407,0.0014138763,0.0013641213,0.0013162020,0.0012700477,0.0012255906,0.0011827655,0.0011415098,0.0011017635,0.0010634689,0.0010265707,0.0009910157,0.0009567528,0.0009237329,0.0008919090,0.0008612357,0.0008316697,0.0008031692,0.0007756940,0.0007492056,0.0007236670,0.0006990425,0.0006752980,0.0006524005,0.0006303186,0.0006090218,0.0005884810
"Forcings",2.7464756691,2.8207541637,2.9501664716,3.0509131066,3.0680211397,3.0529182111,3.0132284656,2.9648814125,2.9133053293,2.8652925889,2.8175129354,2.7672235966,2.7183720283,2.6703049627,2.6247812713,2.5785012290,2.5304747350,2.4824691288,2.4327706108,2.3798910052,2.3234729929,2.2633426073,2.2000228063,2.1337052472,2.0663420083,1.9959025415,1.9229899588,1.8441670553,1.7627196083,1.6825040166,1.6031309368,1.5244220756,1.4465926151,1.3707663230,1.2989644367,1.2334838310,1.1853928490,1.1510029846,1.1190348946,1.0852442696,1.0486555537,1.0096149517,0.9686358489,0.9264229055,0.8840076648,0.8415266339,0.7994431155,0.7582810567,0.7183716416,0.6799052121,0.6430400167,0.6079872428,0.5747282406,0.5434811578,0.5143126883,0.4871076066,0.4620432521,0.4391699514,0.4182448495,0.3995585164,0.3830995920,0.3686636256,0.3566033679,0.3467473539,0.3393532318,0.3347108620,0.3327815410,0.3339740451,0.3386891354,0.3476624472,0.3616436418,0.3818561309,0.4019072312,0.4191277482,0.4345906737,0.4487681687,0.4619659488,0.4717367735,0.4798530126,0.4878171008,0.4955903536,0.5031448217,0.5104643654,0.5175399287,0.5243672795,0.5309457453,0.5372773142,0.5433659336,0.5492169558,0.5548367058,0.5602321485,0.5654106372,0.5703797248,0.5751470255,0.5797201139,0.5841064533,0.5883133456,0.5923478978,0.5962170000,0.5999273125,0.6034852595,0.6068970273,0.6101685656,0.6133055910,0.6163135931,0.6191978403,0.6219633868,0.6246150806,0.6271575705,0.6295953140,0.6319325848,0.6341734803,0.6363219287,0.6383816961,0.6403563930,0.6422494813,0.6440642800,0.6458039716,0.6474716077,0.6490701146,0.6506022986,0.6520708507,0.6534783519,0.6548272777,0.6561200024,0.6573588035,0.6585458655,0.6596832840,0.6607730694,0.6618171503,0.6628173770,0.6637755247,0.6646932967,0.6655723273,0.6664141844,0.6672203728,0.6679923363,0.6687314604,0.6694390746,0.6701164548,0.6707648255,0.6713853617,0.6719791913,0.6725473965,0.6730910162,0.6736110472,0.6741084464,0.6745841323,0.6750389862,0.6754738543,0.6758895486,0.6762868485,0.6766665021,0.6770292277,0.6773757143,0.6777066237,0.6780225909,0.6783242255,0.6786121125,0.7553828329
"Other Forcings",0.3943405279,0.3786571865,0.4386094907,0.4924930415,0.4872621009,0.4761369697,0.4685696544,0.4474791154,0.4216128642,0.3994613093,0.3785476258,0.3567437516,0.3384883114,0.3235542983,0.3140338416,0.3069404939,0.3015083778,0.2997059720,0.2999750671,0.3009692910,0.3024587634,0.3043401267,0.3072278935,0.3113212523,0.3186529294,0.3272668109,0.3367301270,0.3386636812,0.3374010054,0.3370288349,0.3372640405,0.3379084883,0.3388259276,0.3399187372,0.3411157382,0.3423647117,0.3436274384,0.3448758917,0.3460895936,0.3472535805,0.3483554242,0.3493747707,0.3502825083,0.3510747709,0.3518238919,0.3525418955,0.3532295199,0.3538865124,0.3545125779,0.3551076463,0.3556718447,0.3562054503,0.3567088545,0.3571825629,0.3576271658,0.3580433227,0.3584317430,0.3587964423,0.3591584643,0.3595373975,0.3599404139,0.3603691053,0.3608239444,0.3613052142,0.3618131756,0.3623480967,0.3629102592,0.3634999583,0.3641175016,0.3647632087,0.3654374091,0.3661404418,0.3668726542,0.3676344016,0.3684260466,0.3692479590,0.3701005159,0.3683328198,0.3655791390,0.3632465000,0.3612284318,0.3594472513,0.3578490710,0.3563951034,0.3550568177,0.3538129921,0.3526477146,0.3515489587,0.3505075513,0.3495164200,0.3485700442,0.3476640535,0.3467949343,0.3459598142,0.3451563046,0.3443823845,0.3436363151,0.3429165763,0.3422218202,0.3415508357,0.3409025227,0.3402758723,0.3396699514,0.3390838917,0.3385168805,0.3379681536,0.3374369900,0.3369227073,0.3364246579,0.3359422264,0.3354748266,0.3350218994,0.3345829113,0.3341573523,0.3337447346,0.3333445913,0.3329564753,0.3325799580,0.3322146285,0.3318600926,0.3315159722,0.3311819041,0.3308575395,0.3305425434,0.3302365938,0.3299393812,0.3296506079,0.3293699877,0.3290972451,0.3288321152,0.3285743429,0.3283236826,0.3280798978,0.3278427607,0.3276120521,0.3273875605,0.3271690822,0.3269564210,0.3267493876,0.3265477994,0.3263514807,0.3261602617,0.3259739787,0.3257924740,0.3256155951,0.3254431951,0.3252751321,0.3251112692,0.3249514743,0.3247956198,0.3246435825,0.3244952434,0.3243504877,0.3242092045,0.3240712865,0.3239366302,0.3238051356,0.3236767061,0.3235512482,0.3234286718
"Period utilty",6.2601552351,7.2304324723,7.9810903973,8.6328152709,9.2406261070,9.8333034042,10.5184342517,11.2708556400,12.0716661786,12.9221289784,13.8158380703,14.7499699260,15.7345218936,16.7584433022,17.8382059748,18.9619755404,20.1348865985,21.3556611920,22.6300410022,23.9655962213,25.3562104704,26.8127857262,28.3208729057,29.8984603583,31.5616941846,33.2800721430,35.0659350584,36.9546510245,38.9175989264,40.9440547076,43.0425215034,45.2370658843,47.4665338296,49.8014712717,52.2244466681,54.7450260233,57.3555960851,60.0462784614,62.7849778818,65.6139407561,68.5127573052,71.5660062674,74.7503472331,77.8521600714,81.1830207993,84.6977740604,88.2741820792,91.9069248767,95.6475732321,99.5194625566,103.4714295417,107.6270516501,111.8405137735,116.1257819500,120.6372309466,125.1647974261,129.7113625049,134.6101025393,139.4568345988,144.3943625982,149.7528165035,155.0004966326,160.6009824984,166.1874297208,171.6670309351,177.6982126488,183.8871183129,190.2077932781,196.3287521105,202.7162156089,209.2447237592,216.1011714708,223.0488717182,230.2057689797,237.2416430848,244.9390194173,252.4745039136,259.3756910725,267.6155102994,275.7930122919,283.8857862819,291.3219879614,299.4664013009,307.7617841513,317.5311869631,326.2709790360,335.2200745171,344.6644004983,354.7108330048,363.4621885956,373.2234272353,381.6282542478,390.8409449847,401.2742679665,412.2029999577,423.1128817848,432.8694370585,443.8256262553,455.2119890365,466.3222786948,477.4095403464,488.6815341005,499.8352522084,511.8605799136,523.9429192598,534.7495114574,546.4497672832,558.6816137977,571.0713947481,582.9933255433,595.4392024176,608.1831173512,621.4804566561,634.7743773381,649.3659268737,663.0997189939,676.0879197851,689.7484174102,704.2550484189,718.6145462719,733.3656093900,746.9484827501,761.3971665488,776.5584588711,791.4197901671,808.0534918472,822.7765260035,837.8209289536,853.0131051438,868.0167616787,882.7227530732,899.6446894274,915.1479560365,931.5560322395,947.9636355647,964.2679371745,980.1014242331,995.4619779765,1012.6552588195,1030.3629723771,1047.2843422729,1064.3777429996,1081.6716408122,1099.2781320172,1117.3666298543,1136.7839429674,1159.3606996289,1190.6838081687,1246.9356515476,1378.8447845088,1172.4419598338,1200.2273816058,1226.2644587154,1250.9233714651,1274.5169225594,1297.2253184676,1319.2818176667,1340.8044909497,1361.9140712241,1382.7218461888
"Consumption",77.5296434484,90.3319399518,101.2517156531,111.3918030247,121.3232286808,131.2383858798,142.5802119230,155.0627808201,168.4122677883,182.7687819566,197.9312453991,213.8807988622,230.9022194993,248.6083180456,267.5587938391,287.2534063929,307.9732472024,329.6573665402,352.5192086908,376.7199926884,401.9842030507,428.7001997049,456.3095128782,485.5583135494,516.6639953842,548.3923536219,581.5773236338,617.3986048466,654.2987251624,692.2337091591,731.6700819643,773.2665692865,814.7227271023,859.3873798940,905.6563469841,953.7893524759,1003.5575573394,1054.7519018484,1106.2608464316,1160.0609325782,1214.9207572790,1274.0017423949,1334.8250989682,1390.3872626308,1455.4118532444,1523.1369071654,1589.1342070396,1655.1781450008,1723.5592432181,1794.3575359565,1865.3137045875,1941.4220733088,2015.2229967100,2089.6291710673,2169.9870380968,2246.1408740900,2322.0479886832,2409.7103173674,2488.9959084182,2571.7172089377,2667.1667057472,2750.3852167768,2845.8348446755,2933.1302748237,3015.6356651270,3118.4633076175,3215.7344277369,3311.1161758732,3394.4653772949,3488.6726377477,3582.5299522041,3683.3595354931,3779.1690194157,3876.9590033695,3964.3695667782,4072.3225047092,4160.3621852920,4227.9357352718,4348.4241229644,4443.3931747616,4530.9223632102,4597.5688147100,4698.4584640667,4795.8783087301,4933.6409306516,5011.2431156395,5104.6880429448,5207.5743340278,5315.8685063564,5371.8854338240,5474.2544380096,5526.0778596314,5625.7127406527,5754.5507275696,5878.2418817006,5987.2491088932,6059.5397810304,6180.3960515874,6295.9106027144,6393.1870397495,6490.0579746896,6591.0486636940,6686.4557774289,6806.1424150439,6913.8269277164,6986.3187289153,7101.9535152884,7224.7403347763,7345.7022981783,7453.6295044085,7583.3757478924,7717.2513539786,7861.9834478706,7998.7331560826,8164.0245156265,8286.0383900647,8396.0388726002,8533.4825322480,8685.0469626579,8820.5241255275,8963.4681561938,9072.1291479180,9217.2077749559,9371.3193707459,9508.4399252139,9686.8857680128,9793.7098885401,9927.2909491423,10063.2648795128,10195.8264725302,10328.3432439071,10519.5113502839,10652.7931318809,10821.3789897350,10980.1807973204,11135.6757427429,11282.9481712543,11430.0776846654,11630.8468660548,11824.5857658150,11991.3855605706,12169.6077034042,12351.6721419612,12539.0959579917,12732.9673475570,12946.6609748185,13201.4978507187,13573.3865790686,14276.6442407957,15973.3697311312,13268.3007662576,13604.8477903128,13920.7993614833,14220.9253343356,14508.3228482462,14787.2827238996,15058.9209220591,15325.8001270668,15589.5515385346,15850.6466560182
"Land emissions",3.0491255558,2.6735285873,2.2366421937,1.7530114183,1.2291266071,0.6684600705,0.4305243328,0.2036219281,-0.0267783662,-0.2604980703,-0.4973082533,-0.7369090795,-0.9792304482,-1.2237891649,-1.4706623930,-1.7192418534,-1.9694077254,-2.2208225788,-2.4733881353,-2.7269991072,-2.9811301695,-3.2358967166,-3.4905080309,-3.7454677499,-4.0006917768,-4.2460813434,-4.4450332772,-4.6423670752,-4.8336050680,-5.0099054251,-5.1469075987,-5.1803995134,-4.9624623333,-4.2622222224,-3.0128161551,-1.6470148491,-0.7399851642,-0.3014424963,-0.1176186320,-0.0450871316,-0.0171516049,-0.0065015822,-0.0024592357,-0.0009284562,-0.0003502279,-0.0001319732,-0.0000496752,-0.0000186808,-0.0000070198,-0.0000026361,-0.0000009892,-0.0000003710,-0.0000001391,-0.0000000521,-0.0000000195,-0.0000000073,-0.0000000027,-0.0000000010,-0.0000000004,-0.0000000001,0.0000000000,0.0000000000,0.0000000000,0.0000000000,0.0000000000,0.0000000000,0.0000000000,0.0000000000,0.0000000000,0.0000000000,0.0000000000,0.0000000000,0.0000000000,0.0000000000,0.0000000000,0.0000000000,0.0000000000,0.0000000000,0.0000000000,0.0000000000,0.0000000000,0.0000000000,0.0000000000,0.0000000000,0.0000000000,0.0000000000,0.0000000000,0.0000000000,0.0000000000,0.0000000000,0.0000000000,0.0000000000,0.0000000000,0.0000000000,0.0000000000,0.0000000000,0.0000000000,0.0000000000,0.0000000000,0.0000000000,0.0000000000,0.0000000000,0.0000000000,0.0000000000,0.0000000000,0.0000000000,0.0000000000,0.0000000000,0.0000000000,0.0000000000,0.0000000000,0.0000000000,0.0000000000,0.0000000000,0.0000000000,0.0000000000,0.0000000000,0.0000000000,0.0000000000,0.0000000000,0.0000000000,0.0000000000,0.0000000000,0.0000000000,0.0000000000,0.0000000000,0.0000000000,0.0000000000,0.0000000000,0.0000000000,0.0000000000,0.0000000000,0.0000000000,0.0000000000,0.0000000000,0.0000000000,0.0000000000,0.0000000000,0.0000000000,0.0000000000,0.0000000000,0.0000000000,0.0000000000,0.0000000000,0.0000000000,0.0000000000,0.0000000000,0.0000000000,0.0000000000,0.0000000000,0.0000000000,0.0000000000,0.0000000000,0.0000000000,0.0000000000,0.0000000000,0.0000000000,0.0000000000,0.0000000000,0.0000000000
"Cumulative ind emissions",478.6667000000,508.6667000002,535.3797933602,557.7243962906,574.8756035849,586.1230461610,590.8176313251,594.6546384953,597.8287745734,600.2783117728,601.9446719630,602.7733169943,602.7149999617,601.7217110352,599.7539673880,596.7709244591,592.7424720292,587.6406142089,581.4433093000,574.1302484741,565.6829766057,556.0922963682,545.3469369585,533.4494737284,520.3932822601,506.1723223900,490.9562036977,475.5533929509,459.9611216991,444.1986241948,428.2819679193,412.2210516512,396.0224874063,379.7109416317,363.2792599513,346.7401732795,331.8053332994,318.7345308548,306.3879688775,294.1479682759,281.7686871893,269.2014251718,256.4504656192,243.5645867033,230.6503011253,217.7182635418,204.8225762237,192.0384921905,179.4244240630,167.0215369393,154.8662402088,143.0026955054,131.4453017751,120.2365325135,109.4024344620,98.9419034854,88.8883033967,79.2622722888,70.0405602452,61.2638793567,52.9436849374,45.0625104464,37.6725466406,30.7672122454,24.3898913996,18.5974104561,13.4079147587,8.8955158273,5.1450417727,2.2945401198,0.5009625969,0.0000000000,0.0000000000,0.0000000000,0.0000000000,0.0000000000,0.0000000000,0.0000000000,0.0000000000,0.0000000000,0.0000000000,0.0000000000,0.0000000000,0.0000000000,0.0000000000,0.0000000000,0.0000000000,0.0000000000,0.0000000000,0.0000000000,0.0000000000,0.0000000000,0.0000000000,0.0000000000,0.0000000000,0.0000000000,0.0000000000,0.0000000000,0.0000000000,0.0000000000,0.0000000000,0.0000000000,0.0000000000,0.0000000000,0.0000000000,0.0000000000,0.0000000000,0.0000000000,0.0000000000,0.0000000000,0.0000000000,0.0000000000,0.0000000000,0.0000000000,0.0000000000,0.0000000000,0.0000000000,0.0000000000,0.0000000000,0.0000000000,0.0000000000,0.0000000000,0.0000000000,0.0000000000,0.0000000000,0.0000000000,0.0000000000,0.0000000000,0.0000000000,0.0000000000,0.0000000000,0.0000000000,0.0000000000,0.0000000000,0.0000000000,0.0000000000,0.0000000000,0.0000000000,0.0000000000,0.0000000000,0.0000000000,0.0000000000,0.0000000000,0.0000000000,0.0000000000,0.0000000000,0.0000000000,0.0000000000,0.0000000000,0.0000000000,0.0000000000,0.0000000000,0.0000000000,0.0000000000,0.0000000000,0.0000000000,0.0000000000,0.0000000000,0.0000000000,11.2233402840
"Cumulative total emissions",712.4115000000,744.9080547675,773.8101726258,797.9860873961,816.5726206333,828.8264441650,834.0683492559,838.2578599737,841.5987170628,844.0263287440,845.4793990295,845.9008593556,845.2391779020,843.4441173203,840.4743628940,836.2871749927,830.8510463728,824.1366822271,816.1210182198,806.7828033531,796.1027265388,784.0711646123,770.6763264499,755.9209145046,739.7980190926,722.3013836411,703.6086699624,684.5663669034,665.1730309067,645.4528873315,625.4342342560,605.1591469191,584.7189891861,564.3442919378,544.4227994858,525.4168873594,509.1335090204,495.4568235264,482.8634472782,470.5271432115,458.1109458053,445.5296404432,432.7733575427,419.8854650604,406.9704192836,394.0380949415,381.1422995667,368.3581748606,355.7440914377,343.3411985664,331.1858996776,319.3223541641,307.7649601301,296.5561907546,285.7220926604,275.2615616679,265.2079615732,255.5819304630,246.3602184187,237.5835375298,229.2633431104,221.3821686193,213.9922048135,207.0868704183,200.7095495725,194.9170686290,189.7275729316,185.2151740002,181.4646999456,178.6141982927,176.8206207698,176.3196581729,176.3196581729,176.3196581729,176.3196581729,176.3196581729,176.3196581729,176.3196581729,176.3196581729,176.3196581729,176.3196581729,176.3196581729,176.3196581729,176.3196581729,176.3196581729,176.3196581729,176.3196581729,176.3196581729,176.3196581729,176.3196581729,176.3196581729,176.3196581729,176.3196581729,176.3196581729,176.3196581729,176.3196581729,176.3196581729,176.3196581729,176.3196581729,176.3196581729,176.3196581729,176.3196581729,176.3196581729,176.3196581729,176.3196581729,176.3196581729,176.3196581729,176.3196581729,176.3196581729,176.3196581729,176.3196581729,176.3196581729,176.3196581729,176.3196581729,176.3196581729,176.3196581729,176.3196581729,176.3196581729,176.3196581729,176.3196581729,176.3196581729,176.3196581729,176.3196581729,176.3196581729,176.3196581729,176.3196581729,176.3196581729,176.3196581729,176.3196581729,176.3196581729,176.3196581729,176.3196581729,176.3196581729,176.3196581729,176.3196581729,176.3196581729,176.3196581729,176.3196581729,176.3196581729,176.3196581729,176.3196581729,176.3196581729,176.3196581729,176.3196581729,176.3196581729,176.3196581729,176.3196581729,176.3196581729,176.3196581729,176.3196581729,176.3196581729,176.3196581729,176.3196581729,176.3196581729,176.3196581729,176.3196581729,176.3196581729,176.3196581729,176.3196581729,187.5429984570
"Atmospheric concentrations Gt",889.6807919346,903.4489876372,914.2250788058,921.5679820793,925.0889692921,924.4610204847,919.4056573814,915.1377689496,911.1302223421,907.1167882377,902.9661415174,898.5860334353,893.9050401610,888.8634125470,883.4172801800,877.5275108553,871.1700950946,864.3261107227,856.9850151317,849.1398672306,840.7874013438,831.9340219336,822.5844834766,812.7566301753,802.4591434932,791.7028741573,780.6478936926,769.9601031430,759.4927532448,749.2113588037,739.0988114514,729.1544953648,719.4184446815,710.0339006079,701.2408871983,693.2983372029,687.4818963174,683.3122077906,679.4526713970,675.4105051841,671.0788930871,666.5054277079,661.7567239149,656.9164294922,652.0938217543,647.3027868662,642.5938878204,638.0229315473,633.6233088162,629.4123747936,625.4036439045,621.6159812579,618.0436626410,614.7060694616,611.6065150744,608.7295319336,606.0903951999,603.6908961969,601.5011775900,599.5467554837,597.8234937053,596.3084591651,595.0358739238,593.9867857442,593.1860835100,592.6620643587,592.4100540411,592.4710171650,592.8855781882,593.7290008049,595.0792288287,597.0643584366,599.0366227114,600.7220363604,602.2284042884,603.6029676270,604.8763344730,606.0689213785,607.1945545367,608.2627588773,609.2802743966,610.2520214636,611.1817140932,612.0722619016,612.9260320940,613.7450201638,614.5309613528,615.2854037116,616.0097562600,616.7053209845,617.3733143286,618.0148818390,618.6311083416,619.2230251870,619.7916155640,620.3378185313,620.8625321894,621.3666162689,621.8508943148,622.3161555853,622.7631567428,623.1926233897,623.6052514826,624.0017086490,624.3826354230,624.7486464109,625.1003313957,625.4382563856,625.7629646128,626.0749774846,626.3747954920,626.6628990762,626.9397494576,627.2057894277,627.4614441061,627.7071216657,627.9432140255,628.1700975141,628.3881335052,628.5976690252,628.7990373358,628.9925584917,629.1785398746,629.3572767051,629.5290525331,629.6941397072,629.8527998259,630.0052841681,630.1518341077,630.2926815099,630.4280491112,630.5581508847,630.6831923890,630.8033711042,630.9188767532,631.0298916103,631.1365907971,631.2391425667,631.3377085759,631.4324441463,631.5234985159,631.6110150790,631.6951316176,631.7759805232,631.8536890090,631.9283793149,632.0001689030,632.0691706461,632.1354930081,632.1992402178,632.2605124352,632.3194059115,632.3760131425,632.4304230164,632.4827209549,632.5329890495,632.5813061919,632.6277481994,632.6723879354,641.0316182932
"Total Emissions GTCO2 per year",39.6891255561,35.2991199443,29.5268505727,22.7003525938,14.9660031401,6.4021134176,5.1167890901,4.0803001247,2.9649230667,1.7746831753,0.5147435450,-0.8081336153,-2.1923673238,-3.6270600727,-5.1139521568,-6.6393250877,-8.2004767433,-9.7897976409,-11.4050730906,-13.0439338158,-14.6945476329,-16.3595623423,-18.0212764559,-19.6914295965,-21.3692240981,-22.8300343062,-23.2569994694,-23.6857276973,-24.0848686866,-24.4494482895,-24.7626400008,-24.9642459779,-24.8842969060,-24.3307827814,-23.2125540103,-19.8874327447,-16.7037918833,-15.3807101912,-15.0667393668,-15.1643157654,-15.3659676156,-15.5796735158,-15.7404126850,-15.7735759088,-15.7946787965,-15.7500647510,-15.6136776411,-15.4060005538,-15.1480664935,-14.8456717096,-14.4893435870,-14.1154305803,-13.6896436639,-13.2320451390,-12.7757951856,-12.2787969156,-11.7565926626,-11.2627843102,-10.7192529256,-10.1617307842,-9.6255411118,-9.0256091281,-8.4337150747,-7.7888345263,-7.0745500589,-6.3381040785,-5.5111432282,-4.5805789786,-3.4814126854,-2.1905560146,-0.6118423184,0.0000000000,0.0000000000,0.0000000000,0.0000000000,0.0000000000,0.0000000000,0.0000000000,0.0000000000,0.0000000000,0.0000000000,0.0000000000,0.0000000000,0.0000000000,0.0000000000,0.0000000000,0.0000000000,0.0000000000,0.0000000000,0.0000000000,0.0000000000,0.0000000000,0.0000000000,0.0000000000,0.0000000000,0.0000000000,0.0000000000,0.0000000000,0.0000000000,0.0000000000,0.0000000000,0.0000000000,0.0000000000,0.0000000000,0.0000000000,0.0000000000,0.0000000000,0.0000000000,0.0000000000,0.0000000000,0.0000000000,0.0000000000,0.0000000000,0.0000000000,0.0000000000,0.0000000000,0.0000000000,0.0000000000,0.0000000000,0.0000000000,0.0000000000,0.0000000000,0.0000000000,0.0000000000,0.0000000000,0.0000000000,0.0000000000,0.0000000000,0.0000000000,0.0000000000,0.0000000000,0.0000000000,0.0000000000,0.0000000000,0.0000000000,0.0000000000,0.0000000000,0.0000000000,0.0000000000,0.0000000000,0.0000000000,0.0000000000,0.0000000000,0.0000000000,0.0000000000,0.0000000000,0.0000000000,0.0000000000,0.0000000000,0.0000000000,0.0000000000,0.0000000000,0.0000000000,0.0000000000,0.0000000000,0.0000000000,0.0000000000,0.0000000000,13.7074396002,13.4669565178
"Airborne fraction since 1750",0.4129861135,0.4134527078,0.4119360985,0.4086578099,0.4036679968,0.3969423122,0.3883865421,0.3813540545,0.3750783843,0.3692444682,0.3637006491,0.3583413999,0.3530838521,0.3478578737,0.3426071723,0.3372798053,0.3318348830,0.3262339624,0.3204430152,0.3144280355,0.3081545357,0.3015916122,0.2947018617,0.2874532120,0.2797985435,0.2716845673,0.2631905579,0.2548991249,0.2465945105,0.2381996061,0.2296549634,0.2209166973,0.2119885136,0.2030128894,0.1942904522,0.1862018604,0.1807328714,0.1773060100,0.1739372416,0.1699068184,0.1650564312,0.1594522249,0.1531794587,0.1463534686,0.1391479178,0.1315559390,0.1236523802,0.1155348223,0.1072641105,0.0988743549,0.0903991041,0.0818960703,0.0733641911,0.0648825915,0.0564946856,0.0481897893,0.0400653882,0.0321860036,0.0245025043,0.0171814102,0.0102884238,0.0038111646,-0.0020040980,-0.0071368577,-0.0113529813,-0.0143787865,-0.0161003547,-0.0161634603,-0.0142129962,-0.0097177855,-0.0021802120,0.0090722905,0.0202580216,0.0298168743,0.0383602661,0.0461561260,0.0533780481,0.0601418254,0.0665258734,0.0725842128,0.0783550698,0.0838663501,0.0891391180,0.0941898753,0.0990320478,0.1036769528,0.1081344319,0.1124132648,0.1165214429,0.1204663503,0.1242548861,0.1278935474,0.1313884867,0.1347455533,0.1379703235,0.1410681231,0.1440440457,0.1469029673,0.1496495587,0.1522882960,0.1548234708,0.1572591984,0.1595994258,0.1618479395,0.1640083723,0.1660842099,0.1680787974,0.1699953449,0.1718369332,0.1736065196,0.1753069426,0.1769409271,0.1785110889,0.1800199392,0.1814698891,0.1828632536,0.1842022556,0.1854890292,0.1867256241,0.1879140084,0.1890560723,0.1901536309,0.1912084275,0.1922221366,0.1931963662,0.1941326609,0.1950325045,0.1958973221,0.1967284827,0.1975273011,0.1982950408,0.1990329153,0.1997420904,0.2004236860,0.2010787783,0.2017084010,0.2023135473,0.2028951714,0.2034541903,0.2039914847,0.2045079011,0.2050042528,0.2054813213,0.2059398572,0.2063805823,0.2068041896,0.2072113455,0.2076026901,0.2079788385,0.2083403819,0.2086878884,0.2090219037,0.2093429526,0.2096515392,0.2099481478,0.2102332442,0.2105072757,0.2107706724,0.2110238474,0.2429676574
"alpha",0.3584057714,0.3717358040,0.3835713667,0.3931171660,0.3999626030,0.4038053709,0.4041649610,0.4044758716,0.4046243679,0.4044900059,0.4039899557,0.4030806470,0.4017331555,0.3999082108,0.3975840728,0.3947380926,0.3913702601,0.3874827066,0.3830769606,0.3781655134,0.3727660732,0.3669016747,0.3605950804,0.3538764153,0.3467720916,0.3393064829,0.3315987498,0.3240541484,0.3166462954,0.3093688150,0.3022159116,0.2951957438,0.2883370397,0.2817188064,0.2754664072,0.2697129708,0.2650685688,0.2613509272,0.2579516548,0.2546099655,0.2512438619,0.2478492617,0.2444381165,0.2410346036,0.2376776996,0.2343693952,0.2311270397,0.2279717997,0.2249168546,0.2219691436,0.2191339686,0.2164186642,0.2138211185,0.2113483005,0.2090014403,0.2067744254,0.2046720411,0.2026946006,0.2008306793,0.1990881456,0.1974652384,0.1959532131,0.1945631838,0.1932887894,0.1921384050,0.1911226692,0.1902414994,0.1895103809,0.1889461503,0.1885788037,0.1884416584,0.1885877662,0.1888044114,0.1889817882,0.1891382542,0.1892799084,0.1894102621,0.1895315827,0.1896487412,0.1897617794,0.1898695123,0.1899721122,0.1900699701,0.1901634534,0.1902528726,0.1903384888,0.1904205257,0.1904991785,0.1905746211,0.1906470104,0.1907164899,0.1907831922,0.1908472407,0.1909087510,0.1909678317,0.1910245854,0.1910791094,0.1911314957,0.1911818320,0.1912302019,0.1912766849,0.1913213570,0.1913642908,0.1914055557,0.1914452181,0.1914833415,0.1915199869,0.1915552126,0.1915890744,0.1916216260,0.1916529188,0.1916830021,0.1917119231,0.1917397274,0.1917664585,0.1917921583,0.1918168669,0.1918406229,0.1918634634,0.1918854239,0.1919065388,0.1919268407,0.1919463613,0.1919651309,0.1919831785,0.1920005323,0.1920172190,0.1920332646,0.1920486938,0.1920635306,0.1920777978,0.1920915175,0.1921047110,0.1921173985,0.1921295996,0.1921413332,0.1921526172,0.1921634692,0.1921739058,0.1921839431,0.1921935965,0.1922028808,0.1922118103,0.1922203987,0.1922286592,0.1922366044,0.1922442465,0.1922515973,0.1922586679,0.1922654693,0.1922720117,0.1922783052,0.1922843594,0.1922901835,0.1922957864,0.1923011767,0.1923063625,0.1923113517,0.1923161520,0.1952859300
"IIRF",40.6450154875,41.0617772205,41.4194750448,41.7000201671,41.8970402680,42.0061672652,42.0163257240,42.0251016987,42.0292908744,42.0255005029,42.0113829355,41.9856662234,41.9474501144,41.8954881230,41.8289681448,41.7469806950,41.6491925578,41.5352620696,41.4047552038,41.2574873572,41.0933636580,40.9123916808,40.7145170298,40.4998692839,40.2684215827,40.0200373890,39.7577967221,39.4951349136,39.2312150211,38.9658575968,38.6988885101,38.4306573451,38.1623625459,37.8973541517,37.6412121581,37.4003217719,37.2020870345,37.0408895669,36.8914769953,36.7426637534,36.5907754628,36.4355263270,36.2773636895,36.1173396861,35.9572781804,35.7973066523,35.6383177757,35.4814446750,35.3274754232,35.1769153179,35.0302048290,34.8879067789,34.7500991187,34.6173442444,34.4899069940,34.3676472593,34.2510151885,34.1402159403,34.0347832331,33.9353280228,33.8419144683,33.7541897602,33.6729437673,33.5979448749,33.5298181741,33.4693255345,33.4165860476,33.3726416185,33.3386120508,33.3164021880,33.3080992525,33.3169445759,33.3300476011,33.3407644289,33.3502095148,33.3587537399,33.3666107064,33.3739183536,33.3809708595,33.3877712071,33.3942486250,33.4004140043,33.4062913324,33.4119030938,33.4172683046,33.4224029748,33.4273208152,33.4320338052,33.4365526024,33.4408868327,33.4450452962,33.4490361160,33.4528668465,33.4565445552,33.4600758842,33.4634670987,33.4667241256,33.4698525846,33.4728578143,33.4757448942,33.4785186630,33.4811837358,33.4837445176,33.4862052167,33.4885698560,33.4908422835,33.4930261817,33.4951250761,33.4971423439,33.4990812204,33.5009448067,33.5027360758,33.5044578786,33.5061129494,33.5077039115,33.5092332818,33.5107034757,33.5121168116,33.5134755147,33.5147817214,33.5160374830,33.5172447691,33.5184054711,33.5195214054,33.5205943168,33.5216258809,33.5226177073,33.5235713423,33.5244882714,33.5253699215,33.5262176638,33.5270328155,33.5278166422,33.5285703601,33.5292951376,33.5299920978,33.5306623195,33.5313068395,33.5319266544,33.5325227216,33.5330959613,33.5336472578,33.5341774611,33.5346873879,33.5351778233,33.5356495218,33.5361032084,33.5365395801,33.5369593067,33.5373630321,33.5377513751,33.5381249304,33.5384842697,33.5388299425,33.5391624770,33.5394823808,33.5397901418,33.5400862293,33.5403710939,33.7152598247
"cbox1",154.8069900932,161.8684901519,168.1489189991,173.4023439754,177.4411962911,180.1039508219,181.2430154638,182.1533947889,182.8793616762,183.4068803399,183.7226311516,183.8142131163,183.6704283699,183.2803603353,182.6350313215,181.7251540198,180.5438818978,179.0848491936,177.3430440364,175.3138485717,172.9930664858,170.3786067069,167.4679069928,164.2615545964,160.7580480612,156.9560278049,152.8940997400,148.7562058971,144.5420326200,140.2568440565,135.9067894040,131.5010115996,127.0593640159,122.6319409998,118.3029993983,114.1730134270,110.6346340472,107.6626890651,104.9261471787,102.2454670956,99.5474262179,96.8135073820,94.0415659409,91.2410257664,88.4345851992,85.6243900170,82.8221326009,80.0441412546,77.3030999003,74.6079502738,71.9666028445,69.3886534265,66.8772307485,64.4415642338,62.0873138231,59.8142395554,57.6295913959,55.5378540029,53.5339751757,51.6268016304,49.8188226216,48.1062426588,46.5004028019,44.9998729273,43.6140804155,42.3553736388,41.2276955645,40.2471506317,39.4321719910,38.8127573585,38.4230123496,38.3141525661,38.3141519566,38.3141513479,38.3141507396,38.3141501319,38.3141495247,38.3141489178,38.3141483114,38.3141477053,38.3141470996,38.3141464942,38.3141458891,38.3141452844,38.3141446800,38.3141440758,38.3141434719,38.3141428683,38.3141422649,38.3141416618,38.3141410589,38.3141404562,38.3141398537,38.3141392514,38.3141386494,38.3141380475,38.3141374457,38.3141368442,38.3141362428,38.3141356416,38.3141350405,38.3141344396,38.3141338388,38.3141332382,38.3141326377,38.3141320373,38.3141314370,38.3141308368,38.3141302368,38.3141296368,38.3141290370,38.3141284373,38.3141278376,38.3141272381,38.3141266386,38.3141260392,38.3141254399,38.3141248407,38.3141242415,38.3141236424,38.3141230434,38.3141224445,38.3141218456,38.3141212467,38.3141206480,38.3141200493,38.3141194506,38.3141188520,38.3141182535,38.3141176549,38.3141170565,38.3141164581,38.3141158597,38.3141152614,38.3141146631,38.3141140648,38.3141134666,38.3141128684,38.3141122703,38.3141116722,38.3141110741,38.3141104760,38.3141098780,38.3141092800,38.3141086820,38.3141080841,38.3141074862,38.3141068883,38.3141062904,38.3141056925,38.3141050947,38.3141044969,38.3141038991,38.3141033013,38.3141027036,38.3141021058,38.3141015081,38.3141009104,38.3141003127,40.7529315333
"cbox2",102.2541149543,107.3093574767,111.5441838669,114.7160349293,116.6410742975,117.1626745890,116.1395321199,114.9038701923,113.5045621872,111.9294385731,110.1667038252,108.2053687874,106.0357560907,103.6486320803,101.0368661651,98.1932098554,95.1131332028,91.7929105556,88.2305383644,84.4247556597,80.3751471674,76.0839108622,71.5532456889,66.7890945611,61.7958070299,56.5784920663,51.1836572023,45.8060019541,40.4498036340,35.1250167440,29.8424231713,24.6157489791,19.4694530911,14.4582951251,9.6704303291,5.2079699244,1.4666221623,-1.5949046817,-4.3294157133,-6.9266006521,-9.4628226435,-11.9566044514,-14.4092356595,-16.8101827156,-19.1357746118,-21.3840378016,-23.5434426499,-25.5982637146,-27.5371817744,-29.3532641807,-31.0410821270,-32.5939239391,-34.0121290336,-35.2900772787,-36.4262462530,-37.4254001672,-38.2847568609,-39.0047010935,-39.5954863457,-40.0530581260,-40.3801992705,-40.5861189759,-40.6644726410,-40.6223104974,-40.4555244704,-40.1574025885,-39.7301830540,-39.1638130644,-38.4464704995,-37.5552846610,-36.4643701934,-35.1317694302,-33.7429624635,-32.4105569138,-31.1319411426,-29.9047632475,-28.7268235922,-27.5960458306,-26.5104604920,-25.4682118069,-24.4675233016,-23.5066881486,-22.5840734500,-21.6981177786,-20.8473275929,-20.0302737288,-19.2455881579,-18.4919609987,-17.7681377438,-17.0729166712,-16.4051464156,-15.7637236791,-15.1475910699,-14.5557350552,-13.9871840207,-13.4410064279,-12.9163090633,-12.4122353723,-11.9279638750,-11.4627066555,-11.0157079242,-10.5862426466,-10.1736152354,-9.7771583031,-9.3962314721,-9.0302202376,-8.6785348830,-8.3406094430,-8.0159007135,-7.7038873054,-7.4040687396,-7.1159645827,-6.8391136192,-6.5730730610,-6.3174177906,-6.0717396365,-5.8356466806,-5.6087625948,-5.3907260059,-5.1811898877,-4.9798209786,-4.7862992242,-4.6003172426,-4.4215798134,-4.2498033868,-4.0847156140,-3.9260548967,-3.7735699559,-3.6270194178,-3.4861714171,-3.3508032173,-3.2207008455,-3.0956587428,-2.9754794293,-2.8599731820,-2.7489577266,-2.6422579416,-2.5397055738,-2.4411389665,-2.3464027979,-2.2553478303,-2.1678306691,-2.0837135324,-2.0028640289,-1.9251549451,-1.8504640412,-1.7786738552,-1.7096715142,-1.6433485544,-1.5796007468,-1.5183279316,-1.4594338575,-1.4028260287,-1.3484155570,-1.2961170207,-1.2458483284,-1.1975305883,-1.1510879831,-1.1064476494,1.4014202680
"cbox3",32.7086620800,34.2139618715,34.7572055258,34.2059527600,32.4957380193,29.5937329188,25.4885116827,21.8735074268,18.7090360322,15.8936531042,13.3453352320,10.9987360594,8.8028164009,6.7172363393,4.7123575656,2.7647896425,0.8595735796,-1.0135481347,-2.8599055524,-4.6818650777,-6.4792902042,-8.2480131464,-9.9836267054,-11.6773171447,-13.3229314804,-14.9138807930,-16.3972979485,-17.5645193031,-18.4713575637,-19.1580963465,-19.6578514524,-19.9952610839,-20.1795344467,-20.1863602394,-19.9633201711,-19.4594105081,-18.3169933548,-16.7594656155,-15.2932845751,-14.1080611890,-13.2165458112,-12.5631489730,-12.0870868176,-11.7301190807,-11.4349115771,-11.1830079001,-10.9503863255,-10.7150535144,-10.4659013098,-10.1996385938,-9.9154496036,-9.6112754892,-9.2930626161,-8.9584621597,-8.6100000814,-8.2558912584,-7.8936153524,-7.5245363911,-7.1597694531,-6.7916659114,-6.4219395493,-6.0582991505,-5.6895148259,-5.3217537895,-4.9473557967,-4.5581735072,-4.1577483860,-3.7353810174,-3.2816022592,-2.7779666843,-2.2080601420,-1.5428969756,-0.9983125795,-0.6462686807,-0.4185399637,-0.2711545140,-0.1757267312,-0.1139169809,-0.0738685547,-0.0479122932,-0.0310846734,-0.0201721540,-0.0130936180,-0.0085008762,-0.0055202651,-0.0035854553,-0.0023292333,-0.0015134301,-0.0009835333,-0.0006392781,-0.0004155867,-0.0002702101,-0.0001757142,-0.0001142813,-0.0000743367,-0.0000483603,-0.0000314652,-0.0000204751,-0.0000133251,-0.0000086729,-0.0000056456,-0.0000036753,-0.0000023929,-0.0000015581,-0.0000010146,-0.0000006608,-0.0000004304,-0.0000002803,-0.0000001826,-0.0000001190,-0.0000000775,-0.0000000505,-0.0000000329,-0.0000000214,-0.0000000140,-0.0000000091,-0.0000000059,-0.0000000039,-0.0000000025,-0.0000000016,-0.0000000011,-0.0000000007,-0.0000000005,-0.0000000003,-0.0000000002,-0.0000000001,0.0000000000,0.0000000000,0.0000000000,0.0000000000,0.0000000000,0.0000000000,0.0000000000,0.0000000000,0.0000000000,0.0000000000,0.0000000000,0.0000000000,0.0000000000,0.0000000000,0.0000000000,0.0000000000,0.0000000000,0.0000000000,0.0000000000,0.0000000000,0.0000000000,0.0000000000,0.0000000000,0.0000000000,0.0000000000,0.0000000000,0.0000000000,0.0000000000,0.0000000000,0.0000000000,0.0000000000,0.0000000000,0.0000000000,2.5797483241
"cbox4",4.4462895349,4.5924428650,4.3100351419,3.7789151426,3.0462254121,2.1359268829,1.0698628429,0.7422612695,0.5725271745,0.4220809485,0.2667360365,0.1029802001,-0.0686959726,-0.2475514801,-0.4317101444,-0.6203779344,-0.8112288577,-1.0028361640,-1.1933969888,-1.3816071952,-1.5662573773,-1.7452177613,-1.9177777719,-2.0814371097,-2.2365153895,-2.3825001930,-2.4973005733,-2.5023206773,-2.4924607176,-2.4771409224,-2.4572849436,-2.4317394021,-2.3955732509,-2.3347105496,-2.2339576301,-2.0879709125,-1.7671018093,-1.4608462493,-1.3155107653,-1.2650353424,-1.2538999483,-1.2530615218,-1.2532548210,-1.2490297500,-1.2348125280,-1.2192927212,-1.1991510771,-1.1726277505,-1.1414432720,-1.1074079778,-1.0711624815,-1.0322080124,-0.9931117299,-0.9516906059,-0.9092876863,-0.8681514683,-0.8255592548,-0.7824555935,-0.7422770590,-0.7000573814,-0.6579253686,-0.6181006393,-0.5752766832,-0.5337581683,-0.4898519106,-0.4424684565,-0.3944453555,-0.3416746571,-0.2832563162,-0.2152404804,-0.1360884575,-0.0398629957,-0.0009894744,-0.0000246650,-0.0000006170,-0.0000000155,-0.0000000004,0.0000000000,0.0000000000,0.0000000000,0.0000000000,0.0000000000,0.0000000000,0.0000000000,0.0000000000,0.0000000000,0.0000000000,0.0000000000,0.0000000000,0.0000000000,0.0000000000,0.0000000000,0.0000000000,0.0000000000,0.0000000000,0.0000000000,0.0000000000,0.0000000000,0.0000000000,0.0000000000,0.0000000000,0.0000000000,0.0000000000,0.0000000000,0.0000000000,0.0000000000,0.0000000000,0.0000000000,0.0000000000,0.0000000000,0.0000000000,0.0000000000,0.0000000000,0.0000000000,0.0000000000,0.0000000000,0.0000000000,0.0000000000,0.0000000000,0.0000000000,0.0000000000,0.0000000000,0.0000000000,0.0000000000,0.0000000000,0.0000000000,0.0000000000,0.0000000000,0.0000000000,0.0000000000,0.0000000000,0.0000000000,0.0000000000,0.0000000000,0.0000000000,0.0000000000,0.0000000000,0.0000000000,0.0000000000,0.0000000000,0.0000000000,0.0000000000,0.0000000000,0.0000000000,0.0000000000,0.0000000000,0.0000000000,0.0000000000,0.0000000000,0.0000000000,0.0000000000,0.0000000000,0.0000000000,0.0000000000,0.0000000000,0.0000000000,0.0000000000,0.0000000000,0.0000000000,0.8327828956
"so2",77.1672960001,70.3612919386,63.2260000623,55.9029298066,48.4552260670,40.9166711209,36.7849799114,33.0276325380,29.5032540268,26.2135808143,23.1608401818,20.3479492445,17.7755900144,15.4484635122,13.3658190006,11.5335744280,9.9528954453,8.6270646570,7.5570374112,6.7438356725,6.1925633570,5.9020773365,5.8800111329,6.1212928224,6.6262445101,7.4917036326,9.0698784609,8.9654270152,8.8715796026,8.7865903510,8.7070583937,8.6311717059,8.5688838739,8.5026517637,8.4434383321,9.3278753619,10.3555376470,10.7548185625,10.8135669003,10.7367801947,10.6331444528,10.5318701892,10.4574878130,10.4418269399,10.4320400841,10.4520803441,10.5136083362,10.6073397825,10.7237659535,10.8602649802,11.0211107513,11.1898948035,11.3820949129,11.5886548478,11.7946060620,12.0189510756,12.2546740733,12.4775791628,12.7229292295,12.9745947241,13.2166307422,13.4874400396,13.7546210153,14.0457200948,14.3681481034,14.7005798190,15.0738699468,15.4939266491,15.9900903138,16.5727830150,17.2854143775,17.5616000000,17.5616000000,17.5616000000,17.5616000000,17.5616000000,17.5616000000,17.5616000000,17.5616000000,17.5616000000,17.5616000000,17.5616000000,17.5616000000,17.5616000000,17.5616000000,17.5616000000,17.5616000000,17.5616000000,17.5616000000,17.5616000000,17.5616000000,17.5616000000,17.5616000000,17.5616000000,17.5616000000,17.5616000000,17.5616000000,17.5616000000,17.5616000000,17.5616000000,17.5616000000,17.5616000000,17.5616000000,17.5616000000,17.5616000000,17.5616000000,17.5616000000,17.5616000000,17.5616000000,17.5616000000,17.5616000000,17.5616000000,17.5616000000,17.5616000000,17.5616000000,17.5616000000,17.5616000000,17.5616000000,17.5616000000,17.5616000000,17.5616000000,17.5616000000,17.5616000000,17.5616000000,17.5616000000,17.5616000000,17.5616000000,17.5616000000,17.5616000000,17.5616000000,17.5616000000,17.5616000000,17.5616000000,17.5616000000,17.5616000000,17.5616000000,17.5616000000,17.5616000000,17.5616000000,17.5616000000,17.5616000000,17.5616000000,17.5616000000,17.5616000000,17.5616000000,17.5616000000,17.5616000000,17.5616000000,17.5616000000,17.5616000000,17.5616000000,17.5616000000,17.5616000000,17.5616000000,17.5616000000,17.5616000000,17.5616000000,17.5616000000,23.7491382355,23.6405841722
"ch4",354.3501840011,332.4401305573,305.1994362984,273.9629734592,239.3263939649,201.6083693171,193.8031839629,187.3047834293,180.7795638714,174.2439052619,167.7188177624,161.2318188040,154.7893418700,148.4357321475,142.1639078567,136.0296935800,130.0440850149,124.2380472880,118.6205922918,113.2013603174,108.0284970989,103.0912193989,98.4615349694,94.0915998608,89.9844525225,87.0535698891,88.6213667571,87.6360661349,86.7507943857,85.9490825288,85.1988498588,84.4830033697,83.8954362059,83.2706622839,82.7120962386,91.0550765585,100.7491146095,104.5155702285,105.0697489992,104.3454125544,103.3678065449,102.4124765898,101.7108204175,101.5630898822,101.4707695220,101.6598112386,102.2402107585,103.1243885865,104.2226479548,105.5102565181,107.0275302841,108.6196866259,110.4327289070,112.3812288155,114.3239866033,116.4402548849,118.6638527951,120.7665381331,123.0809491191,125.4549341485,127.7380833922,130.2926537715,132.8129978404,135.5589637034,138.6004583941,141.7363190234,145.2576010199,149.2200366512,153.9003966441,159.3969934342,166.1193142242,168.7246000000,168.7246000000,168.7246000000,168.7246000000,168.7246000000,168.7246000000,168.7246000000,168.7246000000,168.7246000000,168.7246000000,168.7246000000,168.7246000000,168.7246000000,168.7246000000,168.7246000000,168.7246000000,168.7246000000,168.7246000000,168.7246000000,168.7246000000,168.7246000000,168.7246000000,168.7246000000,168.7246000000,168.7246000000,168.7246000000,168.7246000000,168.7246000000,168.7246000000,168.7246000000,168.7246000000,168.7246000000,168.7246000000,168.7246000000,168.7246000000,168.7246000000,168.7246000000,168.7246000000,168.7246000000,168.7246000000,168.7246000000,168.7246000000,168.7246000000,168.7246000000,168.7246000000,168.7246000000,168.7246000000,168.7246000000,168.7246000000,168.7246000000,168.7246000000,168.7246000000,168.7246000000,168.7246000000,168.7246000000,168.7246000000,168.7246000000,168.7246000000,168.7246000000,168.7246000000,168.7246000000,168.7246000000,168.7246000000,168.7246000000,168.7246000000,168.7246000000,168.7246000000,168.7246000000,168.7246000000,168.7246000000,168.7246000000,168.7246000000,168.7246000000,168.7246000000,168.7246000000,168.7246000000,168.7246000000,168.7246000000,168.7246000000,168.7246000000,168.7246000000,168.7246000000,168.7246000000,168.7246000000,168.7246000000,168.7246000000,168.7246000000,227.0922485618,226.0682475486
"Objective",25376977.8826934900
