

"Period",1.0000000000,2.0000000000,3.0000000000,4.0000000000,5.0000000000,6.0000000000,7.0000000000,8.0000000000,9.0000000000,10.0000000000,11.0000000000,12.0000000000,13.0000000000,14.0000000000,15.0000000000,16.0000000000,17.0000000000,18.0000000000,19.0000000000,20.0000000000,21.0000000000,22.0000000000,23.0000000000,24.0000000000,25.0000000000,26.0000000000,27.0000000000,28.0000000000,29.0000000000,30.0000000000,31.0000000000,32.0000000000,33.0000000000,34.0000000000,35.0000000000,36.0000000000,37.0000000000,38.0000000000,39.0000000000,40.0000000000,41.0000000000,42.0000000000,43.0000000000,44.0000000000,45.0000000000,46.0000000000,47.0000000000,48.0000000000,49.0000000000,50.0000000000,51.0000000000,52.0000000000,53.0000000000,54.0000000000,55.0000000000,56.0000000000,57.0000000000,58.0000000000,59.0000000000,60.0000000000,61.0000000000,62.0000000000,63.0000000000,64.0000000000,65.0000000000,66.0000000000,67.0000000000,68.0000000000,69.0000000000,70.0000000000,71.0000000000,72.0000000000,73.0000000000,74.0000000000,75.0000000000,76.0000000000,77.0000000000,78.0000000000,79.0000000000,80.0000000000,81.0000000000,82.0000000000,83.0000000000,84.0000000000,85.0000000000,86.0000000000,87.0000000000,88.0000000000,89.0000000000,90.0000000000,91.0000000000,92.0000000000,93.0000000000,94.0000000000,95.0000000000,96.0000000000,97.0000000000,98.0000000000,99.0000000000,100.0000000000,101.0000000000,102.0000000000,103.0000000000,104.0000000000,105.0000000000,106.0000000000,107.0000000000,108.0000000000,109.0000000000,110.0000000000,111.0000000000,112.0000000000,113.0000000000,114.0000000000,115.0000000000,116.0000000000,117.0000000000,118.0000000000,119.0000000000,120.0000000000,121.0000000000,122.0000000000,123.0000000000,124.0000000000,125.0000000000,126.0000000000,127.0000000000,128.0000000000,129.0000000000,130.0000000000,131.0000000000,132.0000000000,133.0000000000,134.0000000000,135.0000000000,136.0000000000,137.0000000000,138.0000000000,139.0000000000,140.0000000000,141.0000000000,142.0000000000,143.0000000000,144.0000000000,145.0000000000,146.0000000000,147.0000000000,148.0000000000,149.0000000000,150.0000000000,151.0000000000,152.0000000000,153.0000000000,154.0000000000,155.0000000000,156.0000000000,157.0000000000,158.0000000000,159.0000000000,160.0000000000
"Year",2023.0000000000,2026.0000000000,2029.0000000000,2032.0000000000,2035.0000000000,2038.0000000000,2041.0000000000,2044.0000000000,2047.0000000000,2050.0000000000,2053.0000000000,2056.0000000000,2059.0000000000,2062.0000000000,2065.0000000000,2068.0000000000,2071.0000000000,2074.0000000000,2077.0000000000,2080.0000000000,2083.0000000000,2086.0000000000,2089.0000000000,2092.0000000000,2095.0000000000,2098.0000000000,2101.0000000000,2104.0000000000,2107.0000000000,2110.0000000000,2113.0000000000,2116.0000000000,2119.0000000000,2122.0000000000,2125.0000000000,2128.0000000000,2131.0000000000,2134.0000000000,2137.0000000000,2140.0000000000,2143.0000000000,2146.0000000000,2149.0000000000,2152.0000000000,2155.0000000000,2158.0000000000,2161.0000000000,2164.0000000000,2167.0000000000,2170.0000000000,2173.0000000000,2176.0000000000,2179.0000000000,2182.0000000000,2185.0000000000,2188.0000000000,2191.0000000000,2194.0000000000,2197.0000000000,2200.0000000000,2203.0000000000,2206.0000000000,2209.0000000000,2212.0000000000,2215.0000000000,2218.0000000000,2221.0000000000,2224.0000000000,2227.0000000000,2230.0000000000,2233.0000000000,2236.0000000000,2239.0000000000,2242.0000000000,2245.0000000000,2248.0000000000,2251.0000000000,2254.0000000000,2257.0000000000,2260.0000000000,2263.0000000000,2266.0000000000,2269.0000000000,2272.0000000000,2275.0000000000,2278.0000000000,2281.0000000000,2284.0000000000,2287.0000000000,2290.0000000000,2293.0000000000,2296.0000000000,2299.0000000000,2302.0000000000,2305.0000000000,2308.0000000000,2311.0000000000,2314.0000000000,2317.0000000000,2320.0000000000,2323.0000000000,2326.0000000000,2329.0000000000,2332.0000000000,2335.0000000000,2338.0000000000,2341.0000000000,2344.0000000000,2347.0000000000,2350.0000000000,2353.0000000000,2356.0000000000,2359.0000000000,2362.0000000000,2365.0000000000,2368.0000000000,2371.0000000000,2374.0000000000,2377.0000000000,2380.0000000000,2383.0000000000,2386.0000000000,2389.0000000000,2392.0000000000,2395.0000000000,2398.0000000000,2401.0000000000,2404.0000000000,2407.0000000000,2410.0000000000,2413.0000000000,2416.0000000000,2419.0000000000,2422.0000000000,2425.0000000000,2428.0000000000,2431.0000000000,2434.0000000000,2437.0000000000,2440.0000000000,2443.0000000000,2446.0000000000,2449.0000000000,2452.0000000000,2455.0000000000,2458.0000000000,2461.0000000000,2464.0000000000,2467.0000000000,2470.0000000000,2473.0000000000,2476.0000000000,2479.0000000000,2482.0000000000,2485.0000000000,2488.0000000000,2491.0000000000,2494.0000000000,2497.0000000000,2500.0000000000
"Industrial Emissions GTCO2 per year",36.6400000003,34.0083196936,34.3473696293,34.6930986798,35.0060840648,35.2288754494,35.3517854253,35.3447565742,35.1804336725,34.8590178619,34.3510926150,33.6515547165,32.7659575300,31.6668310590,30.3761189525,28.8650561874,27.1488686838,25.2247068362,23.0979854040,20.7667254878,18.2258715317,15.4815168847,12.5326597922,9.3885691884,6.0394131412,2.4895161536,-1.2557407194,-5.2216060484,-9.4111893078,-13.8317092677,-16.6767616620,-16.8150668163,-16.9353206185,-17.0673936710,-17.1900647251,-17.3036178714,-17.4063904991,-17.4978838184,-17.5725971915,-17.6442498839,-17.7033808450,-17.7653733177,-17.8087688819,-17.8096698876,-17.8484045590,-17.8686998021,-17.8552911635,-17.8263649205,-17.7926893272,-17.7513649081,-17.6942290808,-17.6388480066,-17.5558478392,-17.4641579028,-17.3772842378,-17.2614144688,-17.1408661758,-17.0429231628,-16.9055250668,-16.7754004875,-16.6631069611,-16.5038951850,-16.3661531463,-16.1949386719,-16.0143551779,-15.8695864500,-15.6917673270,-15.4986761868,-15.2806807723,-15.0840517089,-14.8801063253,-14.6801954438,-14.4631797509,-14.2436763951,-14.0067946002,-13.7941372148,-13.5444924625,-13.2815326267,-13.0873671487,-12.8440314304,-12.5948309287,-12.3353398672,-12.1243641177,-11.9068220251,-11.7180191408,-11.4614923184,-11.2317180991,-11.0088677008,-10.7839132200,-10.5221075972,-10.3096785160,-10.0669129396,-9.8768367521,-9.7028474618,-9.5163577021,-9.3174776602,-9.1040041744,-8.9277339422,-8.7428994850,-8.5490412051,-8.3605345204,-8.1784729912,-7.9982745676,-7.8323785871,-7.6604389608,-7.4812254135,-7.3302327993,-7.1827803051,-7.0362667815,-6.8895183583,-6.7559066028,-6.6252244395,-6.4989837366,-6.3705282602,-6.2499572248,-6.1147673093,-5.9821137686,-5.8616508783,-5.7446959557,-5.6235310180,-5.5059048325,-5.3831964244,-5.2737259915,-5.1661762334,-5.0558191402,-4.9540872345,-4.8380090155,-4.7327797898,-4.6302860623,-4.5300844616,-4.4336626754,-4.3482121381,-4.2530926519,-4.1667530870,-4.0795720124,-3.9938275397,-3.9095604088,-3.8287711492,-3.7566644198,-2.2160277539,0.0000000000,0.0000000000,0.0000000000,0.0000000000,0.0000000000,0.0000000000,0.0000000000,0.0000000000,0.0000000000,0.0000000000,0.0000000000,0.0000000000,0.0000000000,0.0000000000,0.0000000000,0.0000000000,0.0000000000,0.0000000000,12.7590474910,12.5278227029
"Atmospheric concentrations ppm",417.8137569191,424.0327575595,429.4266969286,434.9802949362,440.6383008616,446.3633599159,452.1261278794,457.8947223520,463.6299980288,469.2909525879,474.8372858506,480.2181546643,485.3797198623,490.2677235955,494.8271449114,499.0122739663,502.7684621606,506.0472847455,508.7989533908,510.9764628896,512.5315134958,513.4141790477,513.5770915522,512.9730053805,511.5608723179,509.2958210467,506.1311374248,502.0314450045,496.9562872006,490.8673230174,483.7345687209,476.1822116112,469.1489682294,462.5446900317,456.4284638088,450.9079618898,445.9398708380,441.3337234248,436.9300618602,432.6555872845,428.4794657811,424.3917393285,420.3820655029,416.4495105982,412.6007906388,408.8146434210,405.0928655252,401.4410662886,397.8576835477,394.3383788225,390.8808660050,387.4859700838,384.1485865806,380.8743960296,377.6616699243,374.5050361793,371.4113809134,368.3781566910,365.3949228559,362.4735658251,359.6079105765,356.7902338877,354.0351957990,351.3319663996,348.6904652111,346.1105306410,343.5781279305,341.1044198001,338.6917837045,336.3457266466,334.0562827039,331.8252507605,329.6499854312,327.5351002932,325.4794660049,323.4872147512,321.5485144480,319.6752425444,317.8687695273,316.1059274665,314.4050707882,312.7649837941,311.1870215953,309.6540904820,308.1700845064,306.7258236106,305.3440210606,304.0124536675,302.7290975478,301.4946308404,300.3200269522,299.1871571912,298.1071611375,297.0619562257,296.0490220026,295.0738308383,294.1399955420,293.2511873473,292.3946160756,291.5745238387,290.7934048622,290.0488146691,289.3386154440,288.6623006831,288.0153789505,287.4003368888,286.8190377845,286.2621339603,285.7298499591,285.2223607052,284.7398940957,284.2784264031,283.8377853209,283.4169515131,283.0169396245,282.6352799724,282.2767979084,281.9398368674,281.6204404916,281.3180072226,281.0340117936,280.7670898332,280.5187934915,280.2846778080,280.0647038360,279.8598835941,279.6674353969,279.4920866103,279.3297235987,279.1798312380,279.0418472598,278.9147436283,278.7954374953,278.6875492645,278.5880715858,278.4976965342,278.4160491457,278.3427907482,278.2769868786,278.2162699093,278.6013400352,279.5426242176,280.2991227945,280.9695662632,281.5774504121,282.1363938015,282.6562030919,283.1441437050,283.6056363531,284.0447492958,284.4645570324,284.8674026421,285.2550898860,285.6290240240,285.9903151430,286.3398540527,286.6783680852,287.0064621579,287.3246490232,291.4688448007
"Atmospheric Temperature rel. 1850-1900",1.4586716393,1.5791311310,1.6562491323,1.7523644265,1.8495880740,1.9506924749,2.0528354235,2.1552270307,2.2595841924,2.3650653777,2.4705344125,2.5737084988,2.6717634487,2.7677367930,2.8618778549,2.9549706099,3.0468083580,3.1371098302,3.2259951856,3.3128935567,3.3972488694,3.4782454707,3.5550790392,3.6285698557,3.6973427530,3.7538858418,3.8025283808,3.8441461059,3.8716211441,3.8862165227,3.8904894797,3.8843592314,3.8705818260,3.8541559138,3.8360206975,3.8172716847,3.7991172123,3.7819821135,3.7653345264,3.7484789486,3.7309834083,3.7126087518,3.6932465642,3.6728182634,3.6513207271,3.6288661488,3.6054000970,3.5809589319,3.5556114056,3.5293967416,3.5023354086,3.4744538893,3.4457954145,3.4163711145,3.3862492055,3.3554644014,3.3240251954,3.2920068952,3.2594395895,3.2262980767,3.1926808259,3.1585956886,3.1240273260,3.0890931275,3.0537733928,3.0181609697,2.9823016932,2.9461455152,2.9097852949,2.8732793528,2.8367081647,2.8000537381,2.7633575672,2.7266362957,2.6899524341,2.6533376779,2.6168569140,2.5804830765,2.5430776311,2.5054666653,2.4682868656,2.4316930777,2.3956912150,2.3602847611,2.3253412538,2.2908549571,2.2567444525,2.2231571806,2.1900316277,2.1573556975,2.1251401351,2.0934793850,2.0622689251,2.0315902002,2.0013296934,1.9714582183,1.9420135853,1.9130354456,1.8845708524,1.8565439353,1.8289854724,1.8019264127,1.7753636813,1.7492909753,1.7237118288,1.6985989736,1.6739732130,1.6498582498,1.6261922035,1.6029713267,1.5801971772,1.5578743992,1.5359753369,1.5144964642,1.4934300335,1.4727843162,1.4525429464,1.4327440133,1.4133838905,1.3944351334,1.3758902036,1.3577596357,1.3400351680,1.3227295957,1.3058108027,1.2892737540,1.2731244817,1.2573412767,1.2419585483,1.2269492911,1.2123062052,1.1980223851,1.1840871564,1.1704721628,1.1571993231,1.1442457126,1.1316121763,1.1192937553,1.1072854394,1.0955772373,1.0841462452,1.0765858917,1.0745756284,1.0727738636,1.0711444626,1.0695724077,1.0680002527,1.0664150411,1.0648259012,1.0632506073,1.0617085426,1.0602173544,1.0587916278,1.0574426106,1.0561784416,1.0550045841,1.0539243087,1.0529391486,1.0520492961,1.0512539317
"Mid-ocean Temperature rel. 1850-1900",0.9112932971,1.0005102415,1.0808229203,1.1591436424,1.2385374436,1.3198890928,1.4031147069,1.4877886043,1.5740618063,1.6619115584,1.7509886607,1.8404862648,1.9291585051,2.0169131685,2.1039266442,2.1904500184,2.2765742762,2.3622342059,2.4473841168,2.5318487561,2.6153472517,2.6974838681,2.7777887056,2.8561448140,2.9321814645,3.0037701465,3.0703669200,3.1321376168,3.1874241896,3.2351703207,3.2754727245,3.3084324157,3.3346711251,3.3558109629,3.3731522994,3.3876344874,3.4000829655,3.4111020028,3.4209159100,3.4294662767,3.4366094113,3.4422200182,3.4462211443,3.4485710463,3.4492622136,3.4483345448,3.4458170795,3.4417435921,3.4361634111,3.4291279339,3.4206827501,3.4108705621,3.3997368126,3.3873213247,3.3736725572,3.3588386367,3.3428587626,3.3257820120,3.3076556048,3.2885093163,3.2683904416,3.2473409081,3.2253881924,3.2025830862,3.1789632359,3.1545778473,3.1294778591,3.1036887002,3.0772514414,3.0502157595,3.0226384971,2.9945577554,2.9660103631,2.9370303875,2.9076598005,2.8779399067,2.8479175931,2.8176224281,2.7868002374,2.7554576255,2.7238112071,2.6920510288,2.6602889454,2.6285905169,2.5969666442,2.5654230904,2.5339525992,2.5025910153,2.4713593148,2.4402688821,2.4093349167,2.3785958086,2.3480584531,2.3177458884,2.2876539786,2.2577722861,2.2281085776,2.1986838499,2.1695272029,2.1406424106,2.1120384060,2.0837335657,2.0557424430,2.0280745829,2.0007391250,1.9737380320,1.9470791161,1.9207767300,1.8948277542,1.8692287377,1.8439809527,1.8190887843,1.7945503334,1.7703641415,1.7465293502,1.7230487880,1.6999220415,1.6771585286,1.6547659422,1.6327425815,1.6110853509,1.5897960381,1.5688753350,1.5483271540,1.5281474630,1.5083318285,1.4888799789,1.4697875724,1.4510599139,1.4326958499,1.4146917206,1.3970440015,1.3797482456,1.3627949254,1.3461828927,1.3299074816,1.3139649990,1.2983523568,1.2830663052,1.2681022675,1.2534515146,1.2399778053,1.2287546757,1.2191445534,1.2104963201,1.2024784160,1.1949116254,1.1876998715,1.1807931814,1.1741664742,1.1678074651,1.1617099164,1.1558699952,1.1502844104,1.1449495432,1.1398611170,1.1350141431,1.1304029971,1.1260215460,1.1218632835
"Deep-ocean temperature rel. 1850-1900",0.3864935710,0.4369701202,0.4905415388,0.5463209184,0.6041412920,0.6639538472,0.7257592927,0.7895279748,0.8552172034,0.9227998270,0.9922335237,1.0634291165,1.1362135451,1.2103605288,1.2856769029,1.3620043847,1.4392155725,1.5171947159,1.5958303842,1.6750123812,1.7546194252,1.8345111052,1.9145207132,1.9944679404,2.0741714768,2.1533622383,2.2316533681,2.3086894199,2.3840917995,2.4573757018,2.5280601065,2.5957225979,2.6600051727,2.7206802629,2.7776788219,2.8310341581,2.8808535448,2.9272987561,2.9705542431,3.0107942455,3.0481674447,3.0827970914,3.1147865518,3.1442249549,3.1711913815,3.1957593235,3.2179992280,3.2379778697,3.2557597997,3.2714084114,3.2849858000,3.2965524417,3.3061673340,3.3138880856,3.3197710083,3.3238717976,3.3262451063,3.3269445314,3.3260233040,3.3235334039,3.3195253835,3.3140494919,3.3071545830,3.2988884218,3.2892987648,3.2784327408,3.2663378805,3.2530610035,3.2386474260,3.2231426181,3.2065927185,3.1890441463,3.1705423558,3.1511319704,3.1308569503,3.1097611325,3.0878883179,3.0652819680,3.0419731865,3.0179754815,2.9933128205,2.9680261948,2.9421662490,2.9157867152,2.8889400072,2.8616742614,2.8340334309,2.8060584704,2.7777897217,2.7492651973,2.7205206859,2.6915910884,2.6625105893,2.6333112540,2.6040235323,2.5746742680,2.5452877398,2.5158874270,2.4864969759,2.4571395868,2.4278367059,2.3986091475,2.3694774144,2.3404612414,2.3115794162,2.2828496002,2.2542882280,2.2259112931,2.1977340065,2.1697697816,2.1420307650,2.1145282908,2.0872728544,2.0602738115,2.0335396050,2.0070779966,1.9808962190,1.9550011704,1.9294000020,1.9040995077,1.8791056060,1.8544236138,1.8300585342,1.8060150921,1.7822976677,1.7589098028,1.7358545125,1.7131343954,1.6907517644,1.6687090440,1.6470081622,1.6256505592,1.6046372011,1.5839683705,1.5636437638,1.5436629516,1.5240251131,1.5047292201,1.4857740547,1.4671581671,1.4488796589,1.4309696997,1.4135488520,1.3967555849,1.3806443293,1.3652234786,1.3504788954,1.3363859147,1.3229158184,1.3100392367,1.2977278164,1.2859549311,1.2746958839,1.2639278567,1.2536297475,1.2437819726,1.2343662701,1.2253655232,1.2167636077,1.2085452659
"Output Net Net ",132.3441082471,141.3900303986,151.9835883663,163.8670601786,177.0119823013,191.2460891736,206.6326326535,223.1122220325,240.5978568823,259.1843075472,278.7367307282,299.2803032007,320.9720387618,343.5876812347,367.4526236870,392.2566539357,418.2228390178,445.3368785697,473.7422347850,503.4980733595,534.4598651612,566.8563434201,600.4242459316,635.6058756740,672.3629297260,710.1560672004,749.5879161606,791.1683643536,834.0246967187,878.3114934510,925.0447054264,975.1516753842,1026.7975266743,1081.7620925748,1138.8454860021,1198.0900871354,1259.3926779364,1322.7293861218,1387.6942765118,1455.3921567084,1525.1184997820,1598.2586004285,1672.9724471781,1746.8334077876,1827.6596127728,1910.0677292821,1992.2485782209,2075.9721460240,2162.4397777901,2251.3333017440,2341.5729189882,2435.4375695862,2528.8453986062,2624.2496828637,2723.7029184816,2821.8764894516,2922.4154854187,3030.1524097540,3134.1803764541,3242.7045943620,3358.0989491634,3467.2971059994,3584.1216266940,3696.6715744780,3809.7871991932,3934.4177461912,4053.9104484790,4172.0420933004,4285.6089916329,4407.2475404406,4528.9612240361,4654.0538037877,4775.6682392653,4898.0946373386,5015.8239048194,5143.5180020770,5258.4076420651,5368.2092233340,5506.7251746831,5625.5902506195,5741.7895347071,5852.7000654427,5986.5499887277,6117.7048555384,6264.4839195807,6374.9146018666,6498.9885920138,6626.3197655840,6751.5044530561,6851.5035084153,6981.5511190204,7089.1020587822,7232.1266691947,7386.9564537258,7532.1835767453,7666.5187903755,7786.6007536172,7936.6682528640,8077.9265347422,8208.7231380711,8342.0429776322,8479.2457279999,8615.7786614020,8765.4034433441,8905.9209169340,9034.6644619577,9194.7178112993,9357.5439106461,9519.8015506333,9679.6257322240,9856.1060958494,10035.5780481192,10220.5804719577,10400.6924245074,10592.2706480531,10756.8667545696,10922.5270271576,11107.5886489400,11297.1050321769,11475.6839981982,11658.3414397723,11826.4982643123,12020.1752787921,12215.4433791541,12400.7513232962,12603.9407143481,12766.3124640857,12952.1301633448,13141.0130153546,13331.9481856019,13529.6494109686,13757.5653098104,13951.2513964045,14169.4893142377,14381.0244510121,14593.3208040159,14806.5282746259,15028.5191308392,15281.3496887017,15523.2928435572,15751.3572916972,15989.4342797454,16229.5533029792,16471.5225718254,16713.3293147402,16956.0676150096,17195.4866927983,17431.9227793462,17663.7429993029,17876.4417658431,18059.5196610633,18446.2023346382,18817.8812904896,19178.3170497143,19529.6210217851,19875.9630573722,20217.5768535007,20556.9063604373,20895.3437935673,21232.8852359575
"Climate Damages fraction output",0.0050214262,0.0058850261,0.0064738604,0.0072470434,0.0080735035,0.0089802747,0.0099453545,0.0109622084,0.0120495009,0.0132007408,0.0144043551,0.0156325820,0.0168464350,0.0180784660,0.0193292139,0.0206071691,0.0219079772,0.0232258411,0.0245606261,0.0259016224,0.0272374677,0.0285517321,0.0298270653,0.0310729853,0.0322620105,0.0332563150,0.0341237641,0.0348748039,0.0353751027,0.0356423221,0.0357207438,0.0356082621,0.0353561127,0.0350566620,0.0347275293,0.0343888890,0.0340625682,0.0337559973,0.0334594761,0.0331605828,0.0328517598,0.0325289744,0.0321905656,0.0318354418,0.0314638576,0.0310780601,0.0306774273,0.0302629098,0.0298359990,0.0293976736,0.0289485938,0.0284895184,0.0280214743,0.0275449562,0.0270613735,0.0265715736,0.0260759787,0.0255760502,0.0250725136,0.0245652383,0.0240559776,0.0235450751,0.0230325303,0.0225202914,0.0220082554,0.0214979377,0.0209901312,0.0204842652,0.0199817671,0.0194835328,0.0189907152,0.0185031102,0.0180213023,0.0175455274,0.0170765921,0.0166148740,0.0161611387,0.0157149873,0.0152626955,0.0148145772,0.0143781585,0.0139549897,0.0135448339,0.0131474282,0.0127610202,0.0123853188,0.0120192334,0.0116641297,0.0113191229,0.0109838733,0.0106582806,0.0103430680,0.0100369694,0.0097405666,0.0094525565,0.0091724881,0.0089005436,0.0086369029,0.0083817932,0.0081343427,0.0078946433,0.0076627756,0.0074385222,0.0072216446,0.0070119906,0.0068091628,0.0066131597,0.0064239961,0.0062410226,0.0060640603,0.0058929746,0.0057276554,0.0055677598,0.0054131309,0.0052635865,0.0051190610,0.0049793192,0.0048445028,0.0047144635,0.0045889004,0.0044676543,0.0043506865,0.0042378384,0.0041290881,0.0040241348,0.0039228553,0.0038251964,0.0037309407,0.0036402080,0.0035527548,0.0034684598,0.0033872080,0.0033088672,0.0032332120,0.0031603002,0.0030899439,0.0030220888,0.0029566517,0.0028935513,0.0028326832,0.0027738805,0.0027353278,0.0027251222,0.0027159913,0.0027077471,0.0026998049,0.0026918739,0.0026838889,0.0026758959,0.0026679844,0.0026602511,0.0026527836,0.0026456537,0.0026389163,0.0026326104,0.0026267618,0.0026213852,0.0026164868,0.0026120662,0.0026081182
"Consumption Per Capita ",12.6142316446,13.0139868700,13.5614261019,14.2297099677,15.0009420430,15.8607302390,16.8007806262,17.8153580368,18.8997523494,20.0528288567,21.2725987416,22.5583438901,23.9124461436,25.3336104234,26.8258150811,28.3880603965,30.0225453902,31.7308296825,33.5162421241,35.3828670969,37.3324358808,39.3700315879,41.4965384614,43.7191853932,46.0454878519,48.4756129316,51.0171531507,53.6864792786,56.4903795259,59.4397552163,62.5529772418,65.8453557236,69.3022780543,72.9354959916,76.7420616964,80.7218661980,84.8752663809,89.2036057058,93.7024323897,98.3831093917,103.2468355181,108.3162951359,113.5900758593,119.0277622506,124.7016485353,130.6123040763,136.7354611617,143.0703600272,149.6326529199,156.4341101492,163.4706891545,170.7740605524,178.3164461883,186.1035810859,194.1735775706,202.4838077557,211.0402069956,219.9260939680,229.0600244081,238.4811892011,248.2753386558,258.3288656640,268.7443520864,279.4410293741,290.4041300898,301.8025088047,313.5547196550,325.6402144993,337.9752252541,350.6773781082,363.7390637607,377.2161508848,391.0561801221,405.2811209849,419.8137074907,434.8387254436,450.1461759929,465.6227986874,481.7776825342,498.2764220813,515.0667717872,532.0102950462,549.4928342020,567.4472454973,586.2059502458,605.1063267542,624.4169894054,644.2208055731,664.5086026451,684.7536176247,705.5196948105,726.2571994085,747.6024245762,769.7676967686,792.5637563401,815.7787241115,839.0774929440,863.0946097407,887.6522087623,912.5204458411,937.7352314392,963.3525077704,989.3086709934,1015.8694379295,1042.7832995188,1069.6670175992,1097.1463115468,1125.1921580801,1153.7013421280,1182.5049246501,1211.9072005668,1241.9008166520,1272.5744818628,1303.7779753147,1335.8191598596,1368.0233817960,1400.3698151666,1433.3053688054,1466.9276497214,1500.9396211321,1535.4358838480,1569.9741840063,1605.1709110877,1641.0441142054,1677.3080666796,1714.4751145989,1751.4151488810,1788.6974134680,1826.3146028753,1864.2057867434,1902.4175273316,1941.7168570326,1981.0538747993,2021.0373825951,2061.3973869833,2102.0519063993,2142.9004316952,2184.0311001037,2226.2312366158,2269.1342442328,2312.3788038812,2356.1516609286,2400.5794949573,2445.9003027125,2492.1738184366,2539.8758305617,2589.4306231609,2641.7280171885,2698.1242081597,2760.5187286731,2688.7247334978,2750.4721245760,2809.7876647004,2867.2021396218,2923.1976407561,2977.9857526565,3031.9716226996,3085.3035638249,3138.1695690148,3190.7589184203
"Carbon Price (per t CO2)",32.6299034524,62.4264316927,66.6808111109,71.8457107608,77.8243068077,84.5429202503,91.9600317533,100.0442821928,108.7631118357,118.1063053976,128.0533004004,138.5926821463,149.7382407037,161.4663959711,173.7966673016,186.6942011610,200.1471588673,214.1290437261,228.6247749778,243.6237013747,259.0841543994,274.9989967519,291.3024526717,307.9931316227,325.1051181154,342.5740612157,360.4190402631,378.7917721927,397.7434764914,417.3621938413,425.3027970545,414.6702271281,404.3034714499,394.1958846637,384.3409875471,374.7324628584,365.3641512870,356.2300475048,347.3242963172,338.6411889092,330.1751591865,321.9207802068,313.8727607017,306.0259416841,298.3752931420,290.9159108135,283.6430130431,276.5519377171,269.6381392741,262.8971857923,256.3247561475,249.9166372438,243.6687213127,237.5770032799,231.6375781979,225.8466387429,220.2004727744,214.6954609550,209.3280744311,204.0948725703,198.9925007561,194.0176882372,189.1672460313,184.4380648805,179.8271132585,175.3314354270,170.9481495413,166.6744458028,162.5075846577,158.4448950413,154.4837726652,150.6216783486,146.8561363899,143.1847329802,139.6051146556,136.1149867893,132.7121121195,129.3943093165,126.1594515836,123.0054652940,119.9303286617,116.9320704451,114.0087686840,111.1585494669,108.3795857302,105.6700960870,103.0283436848,100.4526350927,97.9413192154,95.4927862350,93.1054665791,90.7778299146,88.5083841668,86.2956745626,84.1382826985,82.0348256311,79.9839549903,77.9843561155,76.0347472126,74.1338785323,72.2805315690,70.4735182798,68.7116803228,66.9938883147,65.3190411069,63.6860650792,62.0939134522,60.5415656159,59.0280264755,57.5523258136,56.1135176683,54.7106797266,53.3429127334,52.0093399151,50.7091064172,49.4413787568,48.2053442878,47.0002106807,45.8252054136,44.6795752783,43.5625858963,42.4735212489,41.4116832177,40.3763911373,39.3669813588,38.3828068249,37.4232366542,36.4876557379,35.5754643444,34.6860777358,33.8189257924,32.9734526476,32.1491163314,31.3453884231,30.5617537126,29.7977098698,29.0527671230,28.3264479449,27.6182867463,24.1256434144,19.6117330034,19.1214396784,18.6434036864,18.1773185942,17.7228856294,17.2798134886,16.8478181514,16.4266226976,16.0159571302,15.6155582020,15.2251692469,14.8445400157,14.4734265153,14.1115908525,13.7588010811,13.4148310541,13.0794602778,12.7524737708,0.0000000000,0.0000000000
"Emissions Control Rate",0.1500000000,0.2285908412,0.2420060191,0.2576014274,0.2751166597,0.2943508167,0.3151835389,0.3375253278,0.3612928176,0.3864569352,0.4129731137,0.4408210710,0.4700344907,0.5005762417,0.5324966824,0.5657439089,0.6003142154,0.6361793751,0.6733355142,0.7117890299,0.7514917679,0.7924607359,0.8346089037,0.8779669853,0.9226288588,0.9685138117,1.0156900889,1.0644587513,1.1149426586,1.1673293986,1.2000000000,1.2000000000,1.2000000000,1.2000000000,1.2000000000,1.2000000000,1.2000000000,1.2000000000,1.2000000000,1.2000000000,1.2000000000,1.2000000000,1.2000000000,1.2000000000,1.2000000000,1.2000000000,1.2000000000,1.2000000000,1.2000000000,1.2000000000,1.2000000000,1.2000000000,1.2000000000,1.2000000000,1.2000000000,1.2000000000,1.2000000000,1.2000000000,1.2000000000,1.2000000000,1.2000000000,1.2000000000,1.2000000000,1.2000000000,1.2000000000,1.2000000000,1.2000000000,1.2000000000,1.2000000000,1.2000000000,1.2000000000,1.2000000000,1.2000000000,1.2000000000,1.2000000000,1.2000000000,1.2000000000,1.2000000000,1.2000000000,1.2000000000,1.2000000000,1.2000000000,1.2000000000,1.2000000000,1.2000000000,1.2000000000,1.2000000000,1.2000000000,1.2000000000,1.2000000000,1.2000000000,1.2000000000,1.2000000000,1.2000000000,1.2000000000,1.2000000000,1.2000000000,1.2000000000,1.2000000000,1.2000000000,1.2000000000,1.2000000000,1.2000000000,1.2000000000,1.2000000000,1.2000000000,1.2000000000,1.2000000000,1.2000000000,1.2000000000,1.2000000000,1.2000000000,1.2000000000,1.2000000000,1.2000000000,1.2000000000,1.2000000000,1.2000000000,1.2000000000,1.2000000000,1.2000000000,1.2000000000,1.2000000000,1.2000000000,1.2000000000,1.2000000000,1.2000000000,1.2000000000,1.2000000000,1.2000000000,1.2000000000,1.2000000000,1.2000000000,1.2000000000,1.2000000000,1.2000000000,1.2000000000,1.2000000000,1.2000000000,1.1203525773,1.0000000000,1.0000000000,1.0000000000,1.0000000000,1.0000000000,1.0000000000,1.0000000000,1.0000000000,1.0000000000,1.0000000000,1.0000000000,1.0000000000,1.0000000000,1.0000000000,1.0000000000,1.0000000000,1.0000000000,1.0000000000,0.0000000000,0.0000000000
"Social cost of carbon",61.4038794613,64.6173423137,68.8583684043,74.0121812981,79.9717647604,86.6540477908,94.0092054091,101.9979493971,110.5804054057,119.7396498326,129.4482078043,139.6875474517,150.4639393672,161.7469886472,173.5501012240,185.8333142996,198.5806927336,211.7628815223,225.3631667130,239.3702580204,253.7438107014,268.4786689777,283.5142886532,298.8553076267,314.5416309237,330.5180939569,346.8153983841,363.5970944279,380.9384508890,398.9761831821,417.8809165208,437.7742079301,458.4846032131,480.0824960687,502.4724929676,525.5885874737,549.3688939779,573.7585112094,598.6180657090,623.9715139007,649.7212999264,676.0109917329,702.8007699180,729.5320862855,756.7932051208,784.5545365747,812.5227646078,840.5878771436,868.7899917560,897.1544716487,925.5256696305,954.1326670937,982.6507839411,1010.9946981791,1039.4461031268,1067.5545274180,1095.1658023240,1122.9416180268,1150.1042622760,1176.7575044962,1203.5986315522,1229.5955861753,1255.5083638079,1280.6962105139,1304.7847531112,1328.9634673162,1352.6709487226,1375.8079661725,1397.6440932613,1418.8598500640,1439.3026927645,1459.3256527587,1478.5736806120,1497.2184453583,1514.6314929938,1531.9981848445,1548.2589045026,1562.3902200561,1577.2691810274,1591.2949023475,1604.2692924878,1615.1447654850,1625.6448817868,1635.1990332525,1645.7234141492,1654.2702790101,1661.8521667466,1668.7975095988,1675.3904145291,1679.2740315763,1682.6841442415,1683.2324302651,1682.8064449908,1682.1389966475,1680.7339130628,1678.1063408277,1672.9391365253,1667.0348303179,1660.0096894016,1651.2430971284,1640.7696832090,1628.7127495840,1614.7929711787,1599.6369396540,1582.8479148296,1563.4380778714,1542.5110635885,1520.0200872709,1495.8379760976,1469.6198854327,1441.8209216074,1412.4440165952,1381.7035395426,1349.4351904975,1316.2392515237,1281.5562842661,1245.4008169782,1208.2664478677,1170.4179840149,1131.7608169299,1092.5790639810,1052.6454790985,1012.4451954088,972.1714592373,931.7678717697,891.7360547036,851.7128985398,812.0112902364,772.7398032551,733.9725406793,695.7370609957,658.3798332438,621.7245175652,585.9668201494,551.1305727513,517.2592323433,484.3701024415,452.4527768146,421.6095596148,391.7922750598,362.9063347361,334.9377748167,307.8628914314,281.6924443535,256.4505434412,232.1698621907,208.8712156726,186.5762772713,165.3470330265,144.1689862398,123.0392824012,103.9479362732,85.7541704613,68.4954136281,52.2309600859,37.0660444233,23.1753158065,0.0000000000,0.0000000000,0.0000000000
"Interest Rate ",0.0304217030,0.0354169997,0.0388747897,0.0412265732,0.0427133988,0.0436440756,0.0441771156,0.0444054488,0.0444728376,0.0443860871,0.0442021832,0.0440047910,0.0437216663,0.0434693516,0.0431523146,0.0428377418,0.0425152963,0.0422136486,0.0419397297,0.0416563695,0.0414084631,0.0411380708,0.0409226719,0.0407545079,0.0405474444,0.0403814883,0.0403303032,0.0402849934,0.0402768329,0.0403560867,0.0404790445,0.0404155889,0.0403797730,0.0402675733,0.0401092189,0.0399150287,0.0396966647,0.0394273236,0.0391974061,0.0389505439,0.0387896530,0.0385926114,0.0382011778,0.0381041801,0.0379747573,0.0377266234,0.0374626940,0.0372412584,0.0370431592,0.0368162303,0.0366703589,0.0364252022,0.0361874272,0.0360399129,0.0357687159,0.0355090837,0.0354360816,0.0351606884,0.0349674901,0.0349382665,0.0346617561,0.0345777639,0.0343295724,0.0340553995,0.0340639627,0.0339148718,0.0337241023,0.0334044929,0.0332619494,0.0331001769,0.0330060633,0.0328319520,0.0326806321,0.0324312912,0.0323983821,0.0321154882,0.0317196455,0.0318709568,0.0316541847,0.0313896138,0.0310032131,0.0309865684,0.0308964579,0.0310815012,0.0306876844,0.0305288803,0.0304337136,0.0303257212,0.0298303277,0.0297627993,0.0293119343,0.0293107220,0.0294352840,0.0294187239,0.0292625139,0.0289092288,0.0289397288,0.0288573992,0.0286459704,0.0284603734,0.0283085777,0.0281272992,0.0280809549,0.0279094503,0.0275644451,0.0275203090,0.0274587959,0.0273496590,0.0271700071,0.0271206783,0.0270648269,0.0270405387,0.0269538247,0.0269807958,0.0267543166,0.0265296524,0.0264688373,0.0264391135,0.0263072509,0.0262089544,0.0259718406,0.0259352398,0.0259012213,0.0257797526,0.0258091726,0.0255118939,0.0253861991,0.0252617457,0.0251243148,0.0250030772,0.0250807369,0.0248871827,0.0248503129,0.0247468845,0.0246263911,0.0244859604,0.0243699773,0.0244322569,0.0244077039,0.0243038161,0.0242416580,0.0242058529,0.0242170328,0.0242363193,0.0243441331,0.0245238579,0.0248568851,0.0254159375,0.0262778191,0.0021543217,0.0262003220,0.0255214098,0.0249720765,0.0245330629,0.0241506691,0.0238521783,0.0235904227,0.0233691483,0.0231858882,0.0000000000
"Population",7.9880882511,8.2195577653,8.4404160440,8.6498055130,8.8511710480,9.0376494429,9.2168896096,9.3870411587,9.5447383724,9.6962057296,9.8346883482,9.9616922393,10.0837649838,10.1909429462,10.2965525470,10.3878454778,10.4730436333,10.5508271557,10.6251598499,10.6967224273,10.7603106327,10.8216074920,10.8726514994,10.9243294049,10.9744166474,11.0082733033,11.0396919739,11.0783522936,11.1046761869,11.1225496459,11.1376774317,11.1532197634,11.1528317842,11.1651198168,11.1721173161,11.1752185836,11.1737847287,11.1680607617,11.1535772858,11.1426299331,11.1270013338,11.1203864509,11.1045104093,11.0583975036,11.0511585863,11.0349261872,10.9969489604,10.9525350870,10.9105452266,10.8683777718,10.8189532718,10.7772015339,10.7181348417,10.6573825772,10.6062556314,10.5358578785,10.4661174481,10.4201821241,10.3453622235,10.2808368581,10.2359996752,10.1557233540,10.0981983151,10.0163252489,9.9299257205,9.8780815323,9.8019789308,9.7166816912,9.6129017567,9.5303773283,9.4440244544,9.3639182333,9.2713586038,9.1790407008,9.0731309864,8.9909510004,8.8770353317,8.7511791803,8.6888068582,8.5823135061,8.4705426897,8.3480689441,8.2699546817,8.1851259688,8.1284372035,8.0070636068,7.9109505001,7.8211164644,7.7288351844,7.5981793054,7.5145684815,7.3972015180,7.3302800719,7.2781796821,7.2121860625,7.1321465027,7.0345721127,6.9749074034,6.9045970022,6.8226262931,6.7443253139,6.6708059909,6.5967535234,6.5366003296,6.4669982060,6.3855403856,6.3341375346,6.2841831627,6.2326921074,6.1780436981,6.1370349119,6.0973983947,6.0614568772,6.0208271222,5.9890841455,5.9361897006,5.8842702950,5.8465957327,5.8117702924,5.7689806685,5.7290460585,5.6791662655,5.6460693969,5.6136323573,5.5747130998,5.5470205787,5.4945863855,5.4563104395,5.4195201226,5.3834497871,5.3505439163,5.3335208862,5.2974831302,5.2739846823,5.2464869094,5.2188940279,5.1911584642,5.1669329883,5.1565811217,5.1404253545,5.1175245422,5.0990974282,5.0816428038,5.0651444992,5.0491243544,5.0345164695,5.0203725927,5.0080443340,4.9987866679,4.9898701739,4.9819679359,4.9744010413,4.9675048333,4.9612745080,4.9553771241,4.9504723660,4.9458967495,4.9419794160,4.9387175562,4.9357834334
"TFP",5.4028103630,5.6573930502,5.9214718468,6.1952864488,6.4790782114,6.7730900105,7.0775661022,7.3927519783,7.7188942191,8.0562403435,8.4050386567,8.7655380946,9.1379880672,9.5226382989,9.9197386677,10.3295390418,10.7522891157,11.1882382445,11.6376352771,12.1007283883,12.5777649108,13.0689911665,13.5746522967,14.0949920934,14.6302528300,15.1806750922,15.7464976101,16.3279570899,16.9252880474,17.5387226422,18.1684905134,18.8148186158,19.4779310594,20.1580489488,20.8553902263,21.5701695158,22.3025979697,23.0528831183,23.8212287215,24.6078346230,25.4128966088,26.2366062669,27.0791508516,27.9407131503,28.8214713546,29.7215989339,30.6412645138,31.5806317573,32.5398592507,33.5191003930,34.5185032896,35.5382106502,36.5783596907,37.6390820397,38.7205036491,39.8227447095,40.9459195699,42.0901366617,43.2554984274,44.4421012546,45.6500354132,46.8793849988,48.1302278797,49.4026356488,50.6966735808,52.0124005931,53.3498692120,54.7091255437,56.0902092493,57.4931535250,58.9179850866,60.3647241586,61.8333844681,63.3239732424,64.8364912121,66.3709326176,67.9272852209,69.5055303202,71.1056427707,72.7275910075,74.3713370741,76.0368366541,77.7240391069,79.4328875073,81.1633186893,82.9152632927,84.6886458136,86.4833846591,88.2993922044,90.1365748536,91.9948331037,93.8740616120,95.7741492659,97.6949792559,99.6364291520,101.5983709815,103.5806713109,105.5831913288,107.6057869326,109.6483088167,111.7106025629,113.7925087329,115.8938629635,118.0144960625,120.1542341072,122.3128985444,124.4903062918,126.6862698409,128.9005973617,131.1330928076,133.3835560229,135.6517828500,137.9375652386,140.2406913551,142.5609456932,144.8981091846,147.2519593112,149.6222702167,152.0088128199,154.4113549267,156.8296613438,159.2634939919,161.7126120189,164.1767719129,166.6557276162,169.1492306373,171.6570301645,174.1788731779,176.7145045615,179.2636672149,181.8261021641,184.4015486723,186.9897443492,189.5904252604,192.2033260354,194.8281799755,197.4647191594,200.1126745500,202.7717760976,205.4417528447,208.1223330273,210.8132441771,213.5142132208,216.2249665796,218.9452302662,221.6747299816,224.4131912097,227.1603393110,229.9158996149,232.6795975099,235.4511585338,238.2303084604,241.0167733868,243.8102798174,246.6105547475,249.4173257448,252.2303210294,255.0492695524,257.8739010724,260.7039462311
"Output gross,gross",133.0935743874,142.4704386646,153.2569955664,165.3983547829,178.8536381949,193.4612606666,209.2895665823,226.2857300280,244.3749196347,263.6622481587,284.0180323079,305.4696946915,328.1742539340,351.9209993199,377.0535430294,403.2670964385,430.7997646058,459.6451492583,489.9625462432,521.8197326343,555.0706956940,589.9529507817,626.1873111408,664.2474634182,704.0832687986,745.0225545429,787.7370755389,832.7737481699,879.0876602643,926.8355424464,976.2860781035,1027.8422139382,1080.8116136639,1137.1527881890,1195.6127308913,1256.2548989038,1318.9972766298,1383.8262967344,1450.3054841971,1519.5706268965,1590.8703517721,1665.6378837348,1741.9459513961,1817.2642512199,1899.7218591643,1983.7137563020,2067.3571504994,2152.4894694004,2240.3543439080,2330.6175366499,2422.1574376391,2517.3278941173,2611.9067478115,2708.4280192115,2809.0075170409,2908.1469116546,3009.6040727670,3118.3514575162,3223.1595520027,3332.4684921336,3448.7130358300,3558.4709113332,3675.9321218342,3788.8915071357,3902.3160958794,4027.4199793521,4147.1500064183,4265.3765043963,4378.8364035302,4500.4475211796,4622.0418778799,4746.9905602296,4868.3029524003,4990.3596138406,5107.5560642812,5234.8268883012,5349.0017194482,5457.9466814690,5595.9445921608,5713.8849308263,5829.0868437078,5938.9060461505,6071.9838876661,6202.3035306597,6348.4270812860,6457.6900836942,6580.7546459382,6707.1043074672,6831.2657530158,6929.9398249681,7059.0030794446,7165.3223657179,7307.4890580462,7461.5686225978,7605.9267752973,7739.2710645148,7858.2236174150,8007.4343556332,8147.7533900089,8277.5178595086,8409.8301345565,8546.0623606405,8681.6253745138,8830.3842361133,8969.9729892829,9097.7117619770,9256.9861146961,9419.0554013940,9580.5524645202,9739.6022857454,9915.4122085647,10094.2307944904,10278.6093178523,10458.0679159464,10649.0542425974,10812.9164005287,10977.8547387749,11162.3002096548,11351.2274840611,11529.1700355062,11711.2166102701,11878.7064304045,12071.8377626779,12266.5745105807,12451.3164039835,12654.0194129739,12815.7530537695,13001.0347642472,13189.4053283668,13379.8461073412,13577.0870101263,13804.6554160317,13997.8840746684,14215.7532624602,14426.9055245608,14638.8285940662,14851.6734671101,15073.3360170693,15325.9354978977,15567.5822888673,15795.3075905406,16033.4208564933,16274.0261121974,16516.4997807683,16758.8211740021,17002.0780192759,17242.0031973119,17478.9327863683,17711.2303698212,17924.3531921524,18107.7760566467,18495.3484029468,18867.8778521457,19229.1366587788,19581.2432427106,19928.3795993115,20270.7809064434,20610.8982240842,20950.0667553039,21288.4079200276
"Change tfp",0.0450000000,0.0445968170,0.0441972465,0.0438012559,0.0434088132,0.0430198867,0.0426344448,0.0422524563,0.0418738903,0.0414987161,0.0411269033,0.0407584219,0.0403932418,0.0400313337,0.0396726681,0.0393172160,0.0389649487,0.0386158375,0.0382698542,0.0379269708,0.0375871595,0.0372503928,0.0369166434,0.0365858842,0.0362580886,0.0359332298,0.0356112817,0.0352922181,0.0349760132,0.0346626414,0.0343520772,0.0340442956,0.0337392717,0.0334369806,0.0331373979,0.0328404993,0.0325462609,0.0322546587,0.0319656692,0.0316792689,0.0313954347,0.0311141435,0.0308353725,0.0305590993,0.0302853013,0.0300139565,0.0297450428,0.0294785385,0.0292144220,0.0289526718,0.0286932668,0.0284361860,0.0281814086,0.0279289138,0.0276786813,0.0274306908,0.0271849222,0.0269413556,0.0266999713,0.0264607497,0.0262236714,0.0259887172,0.0257558681,0.0255251053,0.0252964100,0.0250697638,0.0248451482,0.0246225451,0.0244019364,0.0241833043,0.0239666310,0.0237518991,0.0235390911,0.0233281897,0.0231191780,0.0229120389,0.0227067557,0.0225033118,0.0223016907,0.0221018760,0.0219038515,0.0217076013,0.0215131094,0.0213203601,0.0211293378,0.0209400269,0.0207524122,0.0205664784,0.0203822106,0.0201995937,0.0200186130,0.0198392538,0.0196615016,0.0194853420,0.0193107607,0.0191377436,0.0189662767,0.0187963460,0.0186279379,0.0184610386,0.0182956347,0.0181317127,0.0179692595,0.0178082617,0.0176487064,0.0174905807,0.0173338717,0.0171785668,0.0170246533,0.0168721189,0.0167209511,0.0165711377,0.0164226666,0.0162755257,0.0161297032,0.0159851871,0.0158419659,0.0157000279,0.0155593616,0.0154199556,0.0152817987,0.0151448795,0.0150091871,0.0148747105,0.0147414387,0.0146093610,0.0144784667,0.0143487451,0.0142201858,0.0140927783,0.0139665124,0.0138413777,0.0137173642,0.0135944618,0.0134726606,0.0133519506,0.0132323222,0.0131137656,0.0129962713,0.0128798296,0.0127644312,0.0126500667,0.0125367269,0.0124244026,0.0123130847,0.0122027641,0.0120934319,0.0119850794,0.0118776976,0.0117712779,0.0116658117,0.0115612905,0.0114577057,0.0113550490,0.0112533121,0.0111524866,0.0110525646,0.0109535378,0.0108553982,0.0107581380
"Capital",341.0027556143,343.3325467940,353.5518673038,370.2978410144,392.2956354530,418.6917534370,448.9333963514,482.6175227382,519.4643427308,559.3035020639,601.9761134838,647.4226419759,695.6541778158,746.6655506117,800.5620947594,857.3273943418,917.0892778425,979.9443170404,1046.0305443733,1115.4366807943,1188.2054363316,1264.4555383118,1344.2160313188,1427.6740212580,1514.7836408683,1605.3989581191,1699.9056549895,1798.3540024539,1900.2319683031,2005.4210781263,2113.5215613124,2225.8066857391,2344.9049317026,2471.0783270289,2603.7017231896,2742.5210651479,2887.3146201937,3037.8965259241,3194.1208597093,3356.2449716842,3524.1393156212,3697.9700308670,3877.0387712681,4061.1920664786,4252.3403130500,4448.6418447325,4649.3716887822,4855.1190333662,5066.3487990744,5282.9661267317,5504.7271951389,5731.9196404146,5963.4827246335,6200.2559578651,6442.6044539968,6689.4036006628,6942.1828296304,7201.7829610174,7465.5471488764,7735.7982306142,8012.1520935090,8291.1168661270,8575.5660313356,8862.4512266275,9153.8249533173,9451.4256663644,9749.6531834450,10048.8582490686,10349.3170130558,10654.7111676805,10962.7638609039,11273.2566871767,11583.7019567957,11894.6572038496,12205.2132992323,12517.9979356929,12827.3334807902,13138.4585075994,13458.3182967607,13773.0698660198,14088.2452832618,14407.0141801442,14737.0376675542,15070.1079154546,15405.3416819124,15729.1310802648,16055.9058214687,16382.5254361438,16706.2424922524,17025.7317305753,17357.6266567309,17693.3350047066,18048.9348209126,18413.6480282896,18776.8959420640,19136.5560406601,19495.3456022450,19864.2558081938,20231.0322928384,20595.5598068949,20962.9745531657,21334.9630046465,21711.9121739551,22096.6435756153,22483.6659882777,22877.3220745982,23290.3553581527,23714.3955913904,24147.6852741823,24591.0714684732,25049.0670039620,25516.5377340274,25991.1980150721,26468.3587343230,26948.0454053668,27420.9369901031,27897.9244019091,28384.7044543586,28875.3443354748,29365.1015099031,29857.5360187582,30351.4193816913,30857.2462516039,31366.7392802944,31876.0280551267,32388.3446669588,32892.2391781287,33407.4742558180,33931.3741116670,34465.7645522035,35013.8121781765,35577.1117293784,36139.8481439933,36715.9050406158,37297.6021225598,37887.7420825780,38488.9679682243,39105.6353307185,39739.3385327094,40374.8009546536,41010.1628214953,41649.5147328705,42288.0584555833,42919.9919763405,43536.7264746629,44128.3749779964,44676.6481052787,45156.0169532515,45524.8316118920,45716.7892830445,45632.9744787035,47259.5761456001,48744.9838124780,50115.8356561659,51394.4646888189,52598.7876690686,53745.0968578539,54845.4503899025,55910.5323022599,56949.2099943566
"s",0.2386242430,0.2434458318,0.2468655354,0.2488775743,0.2499044292,0.2504750271,0.2505978441,0.2504511962,0.2502294334,0.2498143275,0.2494373510,0.2491344173,0.2487585896,0.2485953585,0.2483019666,0.2482198024,0.2481820730,0.2482398930,0.2482928395,0.2482976042,0.2483839612,0.2484038792,0.2485689840,0.2485865836,0.2484380889,0.2485696872,0.2486356249,0.2482539019,0.2478551597,0.2472811374,0.2468527425,0.2468989786,0.2472550534,0.2472156704,0.2471574705,0.2470645497,0.2469561147,0.2468366552,0.2468677437,0.2467689381,0.2467289088,0.2463553392,0.2460352937,0.2464900757,0.2459768305,0.2454209280,0.2452383182,0.2451810391,0.2450315408,0.2448097293,0.2447035354,0.2442974148,0.2442322825,0.2442117549,0.2438769344,0.2439992930,0.2441965888,0.2437113244,0.2439143129,0.2439070139,0.2432187603,0.2433539977,0.2428176144,0.2428398948,0.2430833299,0.2422691283,0.2418538113,0.2415842795,0.2418994260,0.2416836805,0.2415124698,0.2410441860,0.2408136624,0.2405022401,0.2405983882,0.2398950151,0.2400810700,0.2409482618,0.2398252865,0.2398371946,0.2401506443,0.2411607340,0.2409182509,0.2407892674,0.2393725778,0.2399702349,0.2399229781,0.2396192566,0.2392988105,0.2406220386,0.2406163084,0.2421789370,0.2422512208,0.2415675325,0.2411075462,0.2410827478,0.2419604756,0.2414946938,0.2412804507,0.2415646280,0.2418653948,0.2421097482,0.2425263325,0.2424384632,0.2427871536,0.2439783493,0.2441882638,0.2443622299,0.2446622746,0.2452634740,0.2453899413,0.2454481436,0.2452820693,0.2452596928,0.2447008184,0.2450546712,0.2455816786,0.2455646930,0.2453423677,0.2454574681,0.2454687535,0.2460875380,0.2460254408,0.2458547714,0.2459721989,0.2454559286,0.2461956529,0.2464800579,0.2468047380,0.2472324295,0.2476546718,0.2472369072,0.2477664416,0.2477555146,0.2479607803,0.2482597835,0.2487006064,0.2491114899,0.2487743425,0.2485927233,0.2487215507,0.2486133865,0.2483534643,0.2478631887,0.2471101786,0.2458719209,0.2439931033,0.2410538300,0.2364388838,0.2294534757,0.2582781457,0.2582781457,0.2582781457,0.2582781457,0.2582781457,0.2582781457,0.2582781457,0.2582781457,0.2582781457,0.2582781457
"I",31.5805126504,34.4208135637,37.5195099167,40.7828364512,44.2360783972,47.9023693653,51.7816922660,55.8787228849,60.2046654044,64.7479534930,69.5273517488,74.5610239384,79.8445516614,85.4143027878,91.2392090874,97.3658691225,103.7954111644,110.5503790836,117.6268046487,125.0173653442,132.7512584087,140.8093146298,149.2468448089,158.0030931237,167.0405613087,176.5232715069,186.3742599889,196.4106335047,206.7173244111,217.1898651194,228.3498225141,240.7639525996,253.8808772726,267.4285409285,281.4741696476,296.0055879003,311.0147226010,326.4980974369,342.5769549854,359.1455770878,376.2908232597,393.7395395887,411.6102674080,430.5770988624,449.5619188397,468.7705946574,488.5756907480,508.9890079168,529.8659507355,551.1482962505,572.9911717195,594.9711022571,617.6256838691,640.8726202377,664.2483178997,688.5358682491,713.6438927389,738.4824567649,764.4714530278,790.9183944638,816.7526633197,843.7806119763,870.2878632613,897.6993363686,926.0957584654,953.1879575551,980.4536927791,1007.8997831616,1036.6863550543,1065.1598065550,1093.8006108592,1121.8326106146,1150.0461591152,1178.0027325420,1206.7991468508,1233.9043285567,1262.4441333678,1293.4606815736,1320.6519425604,1349.2257836445,1378.8944562155,1411.4414434097,1442.2691519359,1473.0776705153,1499.5456647169,1529.7897546519,1559.2566974310,1587.7938164345,1615.6269845744,1648.6227417138,1679.8750573166,1716.8312008272,1751.9915146147,1784.4488431470,1816.0662996318,1848.2654162013,1884.0496213857,1916.6632695550,1949.0457551386,1982.9371513131,2017.6515184629,2052.9080478559,2089.5532002673,2125.0709405514,2162.2431897146,2204.2625219235,2245.2421784323,2286.6302960196,2329.1363011981,2374.0586344817,2418.5892960464,2463.2140023220,2506.9251271118,2550.8706293485,2591.9372965302,2636.0204453746,2682.3725217890,2727.6315960825,2771.6584964473,2816.7923393463,2861.7585413389,2910.3538407836,2957.2689209584,3003.2250399307,3050.2400715905,3093.7119719719,3143.0106316541,3192.4417930585,3243.2642749327,3296.0899398734,3350.6808838293,3401.3778977588,3456.6519145482,3510.5691159836,3565.9300450773,3622.9346633416,3682.3925606277,3743.7767922052,3801.6077214361,3858.9776418509,3917.7020120001,3975.1874051069,4030.6657874068,4082.6841079702,4130.0337926557,4169.0209154398,4195.5801615011,4202.0317509905,4176.3956793251,4101.8116971214,4664.3792502084,4764.2509341118,4860.2474856231,4953.3401651580,5044.0743036399,5133.5268823676,5221.7582601757,5309.3996560070,5396.8106486697,5483.9902265056
"Y gross net",132.4252548306,141.6319964140,152.2648311712,164.1997057347,177.4096627277,191.7239254078,207.2081076430,223.8051387005,241.4303238192,260.1817111599,279.9269357246,300.6944146313,322.6456876883,345.5588074939,369.7653944594,394.9569031975,421.3618132016,448.9695040662,477.9287593654,508.3037549717,539.9519755390,573.1087721977,607.5099813460,643.6073117477,681.3681269857,720.2458497600,760.8565213811,803.7309270020,847.9898440282,893.8009714966,941.4124132279,991.2425390208,1042.5983164809,1097.2880072219,1154.0920547385,1213.0536886923,1274.0688419941,1337.1138599307,1401.7790225595,1469.1807792271,1538.6074611404,1611.4563915956,1685.8717259173,1759.4108408609,1839.9492811014,1922.0637810005,2003.9359518771,2087.3488747037,2173.5111338890,2262.1028030016,2352.0393858059,2445.6104347677,2538.7172701320,2633.8244881698,2732.9919154889,2830.8728720002,2931.1257011933,3038.5963441642,3142.3468403222,3250.6056094962,3365.7508722201,3474.6864465934,3591.2661038913,3703.5645663615,3816.4329267217,3940.8387555110,4060.1007836812,4178.0034008330,4291.3395143811,4412.7629042633,4534.2659970272,4659.1564707329,4780.5697931840,4902.8011227262,5020.3364128951,5147.8508993188,5262.5557609934,5372.1751188899,5510.5353940573,5629.2361415326,5745.2753090442,5856.0286735127,5989.7398744757,6120.7591903039,6267.4146751039,6377.7095333926,6501.6590196580,6628.8717727454,6753.9418161801,6853.8222438881,6983.7662438554,7091.2109491913,7234.1440142600,7388.8887162648,7534.0313228867,7668.2826926567,7788.2811557559,7938.2749226710,8079.4606058628,8210.1856924917,8343.4375250460,8480.5758028441,8617.0469111371,8766.6143391048,8907.0756227664,9035.7639615159,9195.7681870863,9358.5474262580,9520.7600204991,9680.5407502361,9856.9809366599,10036.4145185786,10221.3804905476,10401.4570252067,10593.0020243901,10757.5644219386,10923.1924960510,11108.2244154621,11297.7125364974,11476.2638219923,11658.8949431235,11827.0259027147,12020.6792646463,12215.9247442747,12401.2106286913,12604.3795261327,12766.7302809080,12952.5286742055,13141.3931489931,13332.3107952830,13529.9954302970,13757.8961765036,13951.5669344901,14169.7907184545,14381.3121714931,14593.5954353566,14806.7903905061,15028.7694127315,15281.5891178598,15523.4842603671,15751.4932952793,15989.5641954970,16229.6774029480,16471.6411113998,16713.4425248173,16956.1757253998,17195.5898986806,17432.0212734836,17663.8369608869,17876.5312978996,18059.6048260227,18446.2842464156,18817.9599809502,19178.3925765274,19529.6934572203,19876.0324925072,20217.6433810094,20556.9700807845,20895.3437935673,21232.8852359575
"damages",0.6683195569,0.8384422506,0.9921643952,1.1986490483,1.4439754672,1.7373352588,2.0814589393,2.4805913275,2.9445958155,3.4805369988,4.0910965833,4.7752800602,5.5285662457,6.3621918260,7.2881485701,8.3101932410,9.4379514042,10.6756451920,12.0337868778,13.5159776626,15.1187201550,16.8441785840,18.6773297948,20.6401516705,22.7151418129,24.7767047829,26.8805541578,29.0428211679,31.0978162361,33.0345709498,34.8736648756,36.5996749174,38.2132971830,39.8647809671,41.5206761528,43.2012102115,44.9284346357,46.7124368036,48.5264616376,50.3898476694,52.2628906317,54.1814921392,56.0742254788,57.8534103590,59.7725780629,61.6499753016,63.4211986222,65.1405946967,66.8432100190,68.5147336483,70.1180518332,71.7174593496,73.1894776795,74.6035310417,76.0156015520,77.2740396544,78.4783715737,79.7551133520,80.8127116806,81.8628826374,82.9621636099,83.7844647398,84.6660179430,85.3269407742,85.8831691577,86.5812238411,87.0492227371,87.3731035633,87.4968891491,87.6846169163,87.7758808528,87.8340894968,87.7331592162,87.5584911144,87.2196513861,86.9759889824,86.4459584548,85.7715625791,85.4091981035,84.6487892936,83.8115346637,82.8773726378,82.2440131904,81.5443403558,81.0124061820,79.9805503016,79.0956262802,78.2325347218,77.3239368357,76.1175810800,75.2368355892,74.1114165266,73.3450437862,72.6799063330,71.8954524106,70.9883718581,69.9424616592,69.1594329621,68.2927841461,67.3321670169,66.3926095105,65.4865577964,64.5784633766,63.7698970085,62.8973665165,61.9478004611,61.2179276098,60.5079751360,59.7924440211,59.0615355093,58.4312719048,57.8162759117,57.2288273046,56.6108907397,56.0522182073,55.3519785902,54.6622427239,54.0757941927,53.5149475637,52.9062135139,52.3216671466,51.6805276898,51.1584980316,50.6497663060,50.1057752923,49.6398868412,49.0227728615,48.5060900417,48.0121793737,47.5353120583,47.0915798292,46.7592395281,46.3171401782,45.9625440057,45.5933530677,45.2331587096,44.8830766040,44.5666043379,44.3463800379,44.0980285001,43.8142952614,43.8566609963,44.3487092494,44.8586693685,45.3786491847,45.9022938761,46.4132986313,46.9115128847,47.3934089342,47.8218942528,48.1712306240,49.0641565312,49.9178711956,50.7440822514,51.5497854903,52.3471068043,53.1375254340,53.9281432997,54.7229617366,55.5226840701
"damfrac",0.0050214262,0.0058850261,0.0064738604,0.0072470434,0.0080735035,0.0089802747,0.0099453545,0.0109622084,0.0120495009,0.0132007408,0.0144043551,0.0156325820,0.0168464350,0.0180784660,0.0193292139,0.0206071691,0.0219079772,0.0232258411,0.0245606261,0.0259016224,0.0272374677,0.0285517321,0.0298270653,0.0310729853,0.0322620105,0.0332563150,0.0341237641,0.0348748039,0.0353751027,0.0356423221,0.0357207438,0.0356082621,0.0353561127,0.0350566620,0.0347275293,0.0343888890,0.0340625682,0.0337559973,0.0334594761,0.0331605828,0.0328517598,0.0325289744,0.0321905656,0.0318354418,0.0314638576,0.0310780601,0.0306774273,0.0302629098,0.0298359990,0.0293976736,0.0289485938,0.0284895184,0.0280214743,0.0275449562,0.0270613735,0.0265715736,0.0260759787,0.0255760502,0.0250725136,0.0245652383,0.0240559776,0.0235450751,0.0230325303,0.0225202914,0.0220082554,0.0214979377,0.0209901312,0.0204842652,0.0199817671,0.0194835328,0.0189907152,0.0185031102,0.0180213023,0.0175455274,0.0170765921,0.0166148740,0.0161611387,0.0157149873,0.0152626955,0.0148145772,0.0143781585,0.0139549897,0.0135448339,0.0131474282,0.0127610202,0.0123853188,0.0120192334,0.0116641297,0.0113191229,0.0109838733,0.0106582806,0.0103430680,0.0100369694,0.0097405666,0.0094525565,0.0091724881,0.0089005436,0.0086369029,0.0083817932,0.0081343427,0.0078946433,0.0076627756,0.0074385222,0.0072216446,0.0070119906,0.0068091628,0.0066131597,0.0064239961,0.0062410226,0.0060640603,0.0058929746,0.0057276554,0.0055677598,0.0054131309,0.0052635865,0.0051190610,0.0049793192,0.0048445028,0.0047144635,0.0045889004,0.0044676543,0.0043506865,0.0042378384,0.0041290881,0.0040241348,0.0039228553,0.0038251964,0.0037309407,0.0036402080,0.0035527548,0.0034684598,0.0033872080,0.0033088672,0.0032332120,0.0031603002,0.0030899439,0.0030220888,0.0029566517,0.0028935513,0.0028326832,0.0027738805,0.0027353278,0.0027251222,0.0027159913,0.0027077471,0.0026998049,0.0026918739,0.0026838889,0.0026758959,0.0026679844,0.0026602511,0.0026527836,0.0026456537,0.0026389163,0.0026326104,0.0026267618,0.0026213852,0.0026164868,0.0026120662,0.0026081182
"abatement",0.0811465834,0.2419660154,0.2812428048,0.3326455560,0.3976804264,0.4778362342,0.5754749895,0.6929166680,0.8324669370,0.9974036127,1.1902049964,1.4141114306,1.6736489266,1.9711262592,2.3127707723,2.7002492618,3.1389741838,3.6326254966,4.1865245804,4.8056816122,5.4921103778,6.2524287776,7.0857354144,8.0014360737,9.0051972596,10.0897825596,11.2686052205,12.5625626484,13.9651473095,15.4894780457,16.3677078015,16.0908636366,15.8007898066,15.5259146470,15.2465687364,14.9636015569,14.6761640577,14.3844738089,14.0847460477,13.7886225187,13.4889613584,13.1977911671,12.8992787392,12.5774330733,12.2896683286,11.9960517184,11.6873736562,11.3767286797,11.0713560989,10.7695012576,10.4664668177,10.1728651815,9.8718715259,9.5748053062,9.2889970073,8.9963825486,8.7102157746,8.4439344103,8.1664638680,7.9010151342,7.6519230567,7.3893405939,7.1444771972,6.8929918835,6.6457275285,6.4210093198,6.1903352021,5.9613075326,5.7305227482,5.5153638227,5.3047729911,5.1026669452,4.9015539188,4.7064853876,4.5125080757,4.3328972418,4.1481189284,3.9658955559,3.8102193742,3.6458909131,3.4857743370,3.3286080700,3.1898857480,3.0543347655,2.9307555232,2.7949315260,2.6704276442,2.5520071614,2.4373631240,2.3187354728,2.2151248350,2.1088904091,2.0173450652,1.9322625390,1.8477461414,1.7639022812,1.6804021387,1.6066698071,1.5340711206,1.4625544206,1.3945474139,1.3300748443,1.2682497351,1.2108957607,1.1547058324,1.0994995582,1.0503757870,1.0035156119,0.9584698658,0.9150180121,0.8748408104,0.8364704594,0.8000185900,0.7646006994,0.7313763370,0.6976673690,0.6654688933,0.6357665220,0.6075043205,0.5798237941,0.5535033512,0.5276384024,0.5039858542,0.4813651207,0.4593053950,0.4388117846,0.4178168223,0.3985108607,0.3801336386,0.3626096810,0.3460193285,0.3308666932,0.3155380856,0.3014042169,0.2877204810,0.2746313407,0.2621158803,0.2502818923,0.2394291580,0.1914168100,0.1360035821,0.1299157516,0.1240999688,0.1185395744,0.1132100772,0.1081103902,0.1032058823,0.0984941373,0.0939615840,0.0895320566,0.0851649594,0.0819117774,0.0786904605,0.0755268130,0.0724354353,0.0694351350,0.0665275087,0.0637203472,0.0000000000,0.0000000000
"sigma",0.3238765098,0.3094394085,0.2956701076,0.2825366411,0.2700086229,0.2580571660,0.2466548065,0.2357754316,0.2253942107,0.2154875307,0.2060329346,0.1970090627,0.1883955981,0.1801732135,0.1723235217,0.1648290290,0.1576730895,0.1508398635,0.1443142770,0.1380819835,0.1321293277,0.1264433113,0.1210115606,0.1158222950,0.1108642984,0.1061268905,0.1015999011,0.0972736447,0.0931388964,0.0891868698,0.0854091953,0.0817978995,0.0783453860,0.0750444173,0.0718880967,0.0688698523,0.0659834209,0.0632228332,0.0605823993,0.0580566957,0.0556405518,0.0533290384,0.0511174554,0.0490013213,0.0469763625,0.0450385035,0.0431838571,0.0414087158,0.0397095428,0.0380829643,0.0365257617,0.0350348638,0.0336073404,0.0322403951,0.0309313594,0.0296776865,0.0284769454,0.0273268158,0.0262250826,0.0251696311,0.0241584423,0.0231895884,0.0222612287,0.0213716052,0.0205190389,0.0197019265,0.0189187361,0.0181680048,0.0174483349,0.0167583908,0.0160968969,0.0154626339,0.0148544368,0.0142711924,0.0137118364,0.0131753518,0.0126607666,0.0121671513,0.0116936175,0.0112393158,0.0108034339,0.0103851953,0.0099838573,0.0095987095,0.0092290728,0.0088742973,0.0085337615,0.0082068708,0.0078930564,0.0075917741,0.0073025032,0.0070247453,0.0067580236,0.0065018818,0.0062558831,0.0060196093,0.0057926604,0.0055746532,0.0053652210,0.0051640125,0.0049706917,0.0047849364,0.0046064384,0.0044349025,0.0042700457,0.0041115973,0.0039592977,0.0038128984,0.0036721613,0.0035368582,0.0034067704,0.0032816886,0.0031614120,0.0030457482,0.0029345128,0.0028275292,0.0027246279,0.0026256465,0.0025304294,0.0024388273,0.0023506972,0.0022659018,0.0021843095,0.0021057942,0.0020302348,0.0019575153,0.0018875243,0.0018201550,0.0017553051,0.0016928761,0.0016327739,0.0015749079,0.0015191913,0.0014655407,0.0014138763,0.0013641213,0.0013162020,0.0012700477,0.0012255906,0.0011827655,0.0011415098,0.0011017635,0.0010634689,0.0010265707,0.0009910157,0.0009567528,0.0009237329,0.0008919090,0.0008612357,0.0008316697,0.0008031692,0.0007756940,0.0007492056,0.0007236670,0.0006990425,0.0006752980,0.0006524005,0.0006303186,0.0006090218,0.0005884810
"Forcings",2.5592262619,2.5997114094,2.7151209500,2.8299315462,2.9528746078,3.0742400162,3.1927921202,3.3140217823,3.4349537196,3.5527625250,3.6620072812,3.7567143831,3.8476991175,3.9349776788,4.0204608676,4.1030868953,4.1820730202,4.2579565116,4.3292432060,4.3948472040,4.4531116844,4.5026432267,4.5465939473,4.5811892915,4.5868399718,4.5804311853,4.5639749119,4.5176727114,4.4493353842,4.3671598617,4.2702422881,4.1661627575,4.0671117442,3.9721756117,3.8823954296,3.7995132981,3.7232196553,3.6510846366,3.5809963680,3.5119859246,3.4436576263,3.3759031490,3.3086020027,3.2417903690,3.1757567487,3.1102407724,3.0452933992,2.9810232691,2.9174293747,2.8544655923,2.7921157252,2.7304120340,2.6692911615,2.6088629126,2.5491182697,2.4899867852,2.4316003109,2.3739353370,2.3168327156,2.2605106452,2.2048816488,2.1498279652,2.0956208664,2.0420885554,1.9894234824,1.9376423678,1.8865108256,1.8362464406,1.7869114287,1.7386270918,1.6912295085,1.6447701351,1.5992174810,1.5546765063,1.5111446383,1.4687197927,1.4272316587,1.3835204545,1.3404935695,1.2996415033,1.2609115904,1.2240106549,1.1887808291,1.1547530314,1.1219159458,1.0900233862,1.0594951843,1.0300587814,1.0016563339,0.9742917663,0.9481870911,0.9229662129,0.8988601186,0.8754930754,0.8528120648,0.8309326988,0.8099334365,0.7898953365,0.7705505524,0.7519914815,0.7342743083,0.7173499603,0.7011754243,0.6857423746,0.6709563373,0.6568729361,0.6435347141,0.6307409619,0.6184976769,0.6068098109,0.5956834860,0.5850318390,0.5748517965,0.5651216741,0.5558643357,0.5470261030,0.5387136867,0.5308913497,0.5234723560,0.5164436996,0.5098382414,0.5036260764,0.4978418067,0.4923870857,0.4872610409,0.4824861380,0.4780005489,0.4739093217,0.4701209461,0.4666238251,0.4634052763,0.4604422008,0.4576656256,0.4551560228,0.4528460628,0.4507509142,0.4488619368,0.4471712911,0.4456578179,0.4442683109,0.4528457727,0.4738053049,0.4906061146,0.5054666733,0.5189193398,0.5312730202,0.5427496508,0.5535133160,0.5636862589,0.5733601438,0.5826042245,0.5914712936,0.6000020246,0.6082281457,0.6161747620,0.6238620588,0.6313065504,0.6385219989,0.6455200895,0.7346750463
"Other Forcings",0.0171468254,-0.0342358779,0.0025783000,0.0374919615,0.0800782592,0.1211780518,0.1599688856,0.2023683790,0.2459038935,0.2882524686,0.3244425616,0.3490854277,0.3735953337,0.3985707134,0.4264962935,0.4567546602,0.4891130119,0.5245784337,0.5621468859,0.6011972384,0.6405678193,0.6794004429,0.7213784880,0.7632917373,0.7860826831,0.8072658178,0.8295666191,0.8338341989,0.8286741780,0.8231531264,0.8172490371,0.8110116296,0.8044831783,0.7976980911,0.7906845064,0.7834653738,0.7760596712,0.7684829621,0.7607481556,0.7528659456,0.7448454125,0.7366941483,0.7284185246,0.7200465812,0.7117436210,0.7035475794,0.6954653833,0.6875013200,0.6796587189,0.6719401966,0.6643478335,0.6568832914,0.6495479086,0.6423427507,0.6352686800,0.6283263922,0.6215164591,0.6148393397,0.6082954169,0.6018850077,0.5956083786,0.5894657375,0.5834572803,0.5775831834,0.5718436080,0.5662386975,0.5607685960,0.5554334498,0.5502334127,0.5451686402,0.5402393072,0.5354456081,0.5307877632,0.5262660029,0.5218805856,0.5176317948,0.5135199506,0.5061383302,0.4983477569,0.4920745428,0.4868908876,0.4825099518,0.4787296669,0.4754070052,0.4724402180,0.4697563982,0.4673028054,0.4650408289,0.4629417923,0.4609840372,0.4591508944,0.4574292705,0.4558086598,0.4542804519,0.4528374443,0.4514734965,0.4501832842,0.4489621213,0.4478058316,0.4467106537,0.4456731704,0.4446902550,0.4437590301,0.4428768353,0.4420412010,0.4412498275,0.4405005678,0.4397914126,0.4391204777,0.4384859938,0.4378862961,0.4373198167,0.4367850768,0.4362806803,0.4358053071,0.4353577087,0.4349367024,0.4345411671,0.4341700392,0.4338223089,0.4334970164,0.4331932491,0.4329101385,0.4326468572,0.4324026170,0.4321766659,0.4319682865,0.4317767936,0.4316015326,0.4314418778,0.4312972305,0.4311670177,0.4310506908,0.4309477241,0.4308576138,0.4307798767,0.4307140490,0.4306596857,0.4306163595,0.4305836598,0.4305611918,0.4305485761,0.4305454477,0.4305514554,0.4305662612,0.4305895395,0.4306209767,0.4306602707,0.4307071303,0.4307612746,0.4308224329,0.4308903440,0.4309647557,0.4310454247,0.4311321160,0.4312246027,0.4313226657,0.4314260931,0.4315346802,0.4316482292
"Period utilty",0.5119904030,0.5218920743,0.5347580437,0.5494791031,0.5652694550,0.5815409109,0.5979281249,0.6141853217,0.6301397083,0.6457100982,0.6608276110,0.6754590678,0.6896154503,0.7032742770,0.7164689873,0.7291887417,0.7414536096,0.7532783733,0.7646890440,0.7757128011,0.7863605922,0.7966601718,0.8066159009,0.8162605258,0.8256216826,0.8346951947,0.8435048851,0.8520973501,0.8604801979,0.8686706029,0.8767000726,0.8845843385,0.8922699630,0.8997703054,0.9070685092,0.9141578683,0.9210353984,0.9277018084,0.9341511845,0.9404012938,0.9464548067,0.9523393785,0.9580517266,0.9635523996,0.9689165012,0.9741405701,0.9792028110,0.9841053689,0.9888626516,0.9934842162,0.9979685651,1.0023361969,1.0065712819,1.0106796125,1.0146821676,1.0185593559,1.0223174581,1.0259933338,1.0295539069,1.0330169960,1.0364129536,1.0397025565,1.0429203681,1.0460420993,1.0490667459,1.0520407777,1.0549412738,1.0577640831,1.0604927027,1.0631556222,1.0657518877,1.0682927216,1.0707685294,1.0731841865,1.0755283375,1.0778313334,1.0800619057,1.0822080234,1.0843405693,1.0864140718,1.0884244457,1.0903590650,1.0922637578,1.0941305148,1.0959915526,1.0977812991,1.0995280694,1.1012399184,1.1029162421,1.1045166467,1.1060884929,1.1075926205,1.1090771430,1.1105550215,1.1120119456,1.1134344915,1.1148043479,1.1161598823,1.1174905087,1.1187846510,1.1200456377,1.1212773804,1.1224779033,1.1236600121,1.1248129820,1.1259223715,1.1270153188,1.1280906153,1.1291445621,1.1301717215,1.1311834753,1.1321795499,1.1331627655,1.1341283200,1.1350855369,1.1360146525,1.1369164826,1.1378042222,1.1386804712,1.1395377352,1.1403789043,1.1411940848,1.1419984813,1.1427924401,1.1435698709,1.1443417722,1.1450852851,1.1458129803,1.1465252567,1.1472215332,1.1479032220,1.1485839092,1.1492455329,1.1498987896,1.1505394634,1.1511666829,1.1517794256,1.1523795226,1.1529784269,1.1535706637,1.1541514080,1.1547234260,1.1552884587,1.1558494361,1.1564068657,1.1569660091,1.1575309696,1.1581104414,1.1587169746,1.1593669557,1.1586171673,1.1592637436,1.1598653375,1.1604303654,1.1609658454,1.1614755755,1.1619647129,1.1624356808,1.1628910262,1.1633330852
"Consumption",100.7635955967,106.9692168349,114.4640784497,123.0842237275,132.7759039040,143.3437198083,154.8509403875,167.2334991477,180.3931914779,194.4363540542,209.2093789794,224.7192792623,241.1274871004,258.1733784469,276.2134145997,294.8907848133,314.4274278534,334.7864994861,356.1154301363,378.4807080153,401.7086067525,426.0470287903,451.1774011227,477.6027825502,505.3223684173,533.6327956935,563.2136561717,594.7577308489,627.3073723076,661.1216283315,696.6948829123,734.3877227846,772.9166494017,814.3335516463,857.3713163545,902.0844992351,948.3779553354,996.2312886849,1045.1173215264,1096.2465796206,1148.8276765223,1204.5190608398,1261.3621797700,1316.2563089253,1378.0976939331,1441.2971346247,1503.6728874729,1566.9831381072,1632.5738270546,1700.1850054935,1768.5817472687,1840.4664673291,1911.2197147371,1983.3770626259,2059.4546005819,2133.3406212025,2208.7715926798,2291.6699529890,2369.7089234264,2451.7861998982,2541.3462858438,2623.5164940231,2713.8337634327,2798.9722381094,2883.6914407278,2981.2297886360,3073.4567556999,3164.1423101388,3248.9226365786,3342.0877338857,3435.1606131769,3532.2211931731,3625.6220801501,3720.0919047966,3809.0247579686,3909.6136735203,3995.9635086973,4074.7485417604,4186.0732321227,4276.3644669751,4362.8950784917,4441.2586220330,4544.2808367919,4644.6271850231,4764.9382548638,4845.1248472147,4939.7318945828,5038.5259491495,5135.8774684817,5202.8807667015,5301.6760617038,5372.2708579550,5480.1351545800,5602.5076105789,5716.1172771135,5818.2533741742,5902.5511322314,6020.0049833090,6128.8807796037,6225.7859867580,6324.3914591693,6426.3376801439,6526.2254611347,6640.3325027927,6743.6777272194,6830.4019400342,6949.4756328670,7070.9136146265,7190.6652494351,7305.5670977423,7437.5167998031,7572.3640457972,7713.6553448459,7849.8217951589,8000.3333515229,8120.8463091950,8240.1545053687,8379.9570528576,8525.4465357296,8658.8916588519,8796.5828984334,8916.1444235287,9062.9063578337,9212.2183392234,9350.5112517057,9510.2287423762,9623.3018324316,9759.6883702862,9897.7487404218,10035.8582457286,10178.9685271393,10356.1874120516,10494.5994818563,10658.9201982541,10815.0944059348,10970.3861406743,11124.1357139982,11284.7423386340,11479.7419672656,11664.3152017062,11833.6552796971,12014.2468746385,12198.8875155724,12388.8384638552,12583.2955220845,12787.0466995698,12999.9065312972,13229.8910283557,13487.3473199779,13774.6300687217,13395.1404108549,13681.9514005263,13957.6338048665,14224.9768845563,14485.5467181452,14742.4361750045,14995.8185933250,15247.5067044303,15498.5331448976,15748.8950094519
"Land emissions",3.0491255558,2.7376832210,2.5640742591,2.3907751891,2.2159569067,2.0369538811,1.8533166443,1.6636506182,1.4666865987,1.2624339182,1.0495277342,0.8277312720,0.5973021919,0.3569659646,0.1077407128,-0.1517081773,-0.4206742631,-0.6992897458,-0.9873033532,-1.2848067607,-1.5920340822,-1.9087011932,-2.2348502052,-2.5700377174,-2.9146794690,-3.2684533945,-3.6307478709,-4.0016615060,-4.3781826880,-4.7514594065,-5.0130003721,-5.0491892184,-4.8404140767,-4.1604255714,-2.9429960493,-1.6353253539,-0.7479636250,-0.3067644789,-0.1198079457,-0.0458712242,-0.0174217268,-0.0065942470,-0.0024914561,-0.0009401185,-0.0003545545,-0.0001336150,-0.0000503143,-0.0000189346,-0.0000071218,-0.0000026773,-0.0000010059,-0.0000003778,-0.0000001418,-0.0000000532,-0.0000000200,-0.0000000075,-0.0000000028,-0.0000000011,-0.0000000004,-0.0000000001,0.0000000000,0.0000000000,0.0000000000,0.0000000000,0.0000000000,0.0000000000,0.0000000000,0.0000000000,0.0000000000,0.0000000000,0.0000000000,0.0000000000,0.0000000000,0.0000000000,0.0000000000,0.0000000000,0.0000000000,0.0000000000,0.0000000000,0.0000000000,0.0000000000,0.0000000000,0.0000000000,0.0000000000,0.0000000000,0.0000000000,0.0000000000,0.0000000000,0.0000000000,0.0000000000,0.0000000000,0.0000000000,0.0000000000,0.0000000000,0.0000000000,0.0000000000,0.0000000000,0.0000000000,0.0000000000,0.0000000000,0.0000000000,0.0000000000,0.0000000000,0.0000000000,0.0000000000,0.0000000000,0.0000000000,0.0000000000,0.0000000000,0.0000000000,0.0000000000,0.0000000000,0.0000000000,0.0000000000,0.0000000000,0.0000000000,0.0000000000,0.0000000000,0.0000000000,0.0000000000,0.0000000000,0.0000000000,0.0000000000,0.0000000000,0.0000000000,0.0000000000,0.0000000000,0.0000000000,0.0000000000,0.0000000000,0.0000000000,0.0000000000,0.0000000000,0.0000000000,0.0000000000,0.0000000000,0.0000000000,0.0000000000,0.0000000000,0.0000000000,0.0000000000,0.0000000000,0.0000000000,0.0000000000,0.0000000000,0.0000000000,0.0000000000,0.0000000000,0.0000000000,0.0000000000,0.0000000000,0.0000000000,0.0000000000,0.0000000000,0.0000000000,0.0000000000,0.0000000000,0.0000000000,0.0000000000,0.0000000000
"Cumulative ind emissions",478.6667000000,508.6667000002,536.5119399240,564.6347862362,593.0407076443,621.7028943785,650.5474976395,679.4927367978,708.4322208924,737.2371611265,765.7789333933,793.9048280016,821.4579568633,848.2859788584,874.2140610574,899.0853374923,922.7193900475,944.9482672449,965.6016844143,984.5137903674,1001.5171136380,1016.4400433855,1029.1159578654,1039.3774151188,1047.0645623801,1052.0094967206,1054.0478560166,1053.0196840302,1048.7443515669,1041.0386834656,1029.7135939996,1016.0590402371,1002.2912453548,988.4249893898,974.4505950085,960.3757603537,946.2079509611,931.9559936747,917.6291237361,903.2410801841,888.7943690346,874.2992427968,859.7533585302,845.1719429610,830.5897896687,815.9759213071,801.3454356613,786.7259287043,772.1301058983,757.5618559033,743.0274414043,728.5398084233,714.0975202083,699.7231906456,685.4239347209,671.1958089803,657.0625547755,643.0280027757,629.0736442909,615.2317842471,601.4964672541,587.8530936506,574.3400790340,560.9398444710,547.6797964318,534.5676060569,521.5739490290,508.7258862612,496.0359221345,483.5244477031,471.1739686838,458.9904755135,446.9706648335,435.1285416751,423.4661428799,411.9976975195,400.7033711973,389.6134483296,378.7388310042,368.0231919633,357.5067906830,347.1944291147,337.0945329353,327.1673789087,317.4183434078,307.8238954213,298.4394857720,289.2432100358,280.2293991454,271.3997758758,262.7845131051,254.3431824424,246.1006227212,238.0136930661,230.0692218910,222.2774442965,214.6485051642,207.1943532747,199.8845274486,192.7260398790,185.7262790669,178.8808632478,172.1845152747,165.6357096789,159.2227359450,152.9505424727,146.8250849835,140.8232568181,134.9421594067,129.1810239415,123.5400427529,118.0084598358,112.5838765066,107.2626561982,102.0466123170,96.9292892618,91.9226566396,87.0246377242,82.2252510880,77.5216244868,72.9172049851,68.4090951332,64.0014561394,59.6834490503,55.4535012610,51.3139113536,47.2576172205,43.2963652973,39.4212726747,35.6300995888,31.9209692982,28.2907869766,24.7305696146,21.2482339280,17.8365911166,14.4963301895,11.2262748895,8.0252156028,4.8903047274,1.8144332046,0.0000000000,0.0000000000,0.0000000000,0.0000000000,0.0000000000,0.0000000000,0.0000000000,0.0000000000,0.0000000000,0.0000000000,0.0000000000,0.0000000000,0.0000000000,0.0000000000,0.0000000000,0.0000000000,0.0000000000,0.0000000000,0.0000000000,10.4468183605
"Cumulative total emissions",712.4115000000,744.9080547675,774.9948475469,805.2170996389,835.5805334835,866.0570954143,896.5695102591,927.0322030017,957.3338464453,987.3396763617,1016.9151008541,1045.9003249391,1074.1311813707,1101.4482608373,1127.6686186623,1152.6281107463,1176.1379480908,1198.0223867540,1218.1032413587,1236.2069657452,1252.1583184149,1265.7777268068,1276.8908400914,1285.3224527444,1290.9053114817,1293.4637724579,1292.8259963327,1288.8250504345,1281.2732483975,1269.9828237285,1254.7673471939,1237.0082625590,1219.1063061988,1201.2768291012,1183.8959727346,1167.4114797425,1151.9047030842,1137.0403301659,1122.4622884378,1107.9761488604,1093.4918793941,1078.9824886421,1064.4312051558,1049.8477496389,1035.2648265990,1020.6506679362,1006.0200728895,991.4005247363,976.8046864270,962.2364306009,947.7020139098,933.2143801052,918.7720915808,904.3977619020,890.0985059337,875.8703801768,861.7371259659,847.7025739638,833.7482154781,819.9063554340,806.1710384409,792.5276648373,779.0146502208,765.6144156578,752.3543676186,739.2421772436,726.2485202158,713.4004574480,700.7104933213,688.1990188898,675.8485398705,663.6650467002,651.6452360203,639.8031128618,628.1407140666,616.6722687062,605.3779423841,594.2880195163,583.4134021910,572.6977631500,562.1813618697,551.8690003015,541.7691041220,531.8419500955,522.0929145946,512.4984666081,503.1140569587,493.9177812226,484.9039703321,476.0743470625,467.4590842918,459.0177536292,450.7751939079,442.6882642528,434.7437930778,426.9520154832,419.3230763509,411.8689244614,404.5590986353,397.4006110657,390.4008502537,383.5554344345,376.8590864614,370.3102808657,363.8973071317,357.6251136594,351.4996561702,345.4978280049,339.6167305935,333.8555951283,328.2146139397,322.6830310225,317.2584476933,311.9372273850,306.7211835038,301.6038604485,296.5972278263,291.6992089109,286.8998222748,282.1961956735,277.5917761719,273.0836663200,268.6760273262,264.3580202371,260.1280724477,255.9884825403,251.9321884073,247.9709364841,244.0958438614,240.3046707755,236.5955404849,232.9653581633,229.4051408014,225.9228051148,222.5111623034,219.1709013762,215.9008460762,212.6997867895,209.5648759141,206.4890043914,204.6745711867,204.6745711867,204.6745711867,204.6745711867,204.6745711867,204.6745711867,204.6745711867,204.6745711867,204.6745711867,204.6745711867,204.6745711867,204.6745711867,204.6745711867,204.6745711867,204.6745711867,204.6745711867,204.6745711867,204.6745711867,204.6745711867,215.1213895473
"Atmospheric concentrations Gt",889.5508313297,902.7914609119,914.2754850026,926.0994320191,938.1456698253,950.3346678104,962.6039503502,974.8856378813,987.0963876753,999.1489033016,1010.9573832354,1022.4135793210,1033.4028647067,1043.8097211407,1053.5170056779,1062.4273992883,1070.4245517889,1077.4053639517,1083.2638334024,1087.8998832041,1091.2106802676,1093.0899287665,1093.4367793700,1092.1506432691,1089.1441263247,1084.3216947799,1077.5838913922,1068.8553975590,1058.0500787565,1045.0863046791,1029.9002381387,1013.8208117575,998.8466099902,984.7857011193,971.7638845058,960.0104010694,949.4330338765,939.6262666439,930.2506040651,921.1499884216,912.2587724345,903.5557548725,895.0189160875,886.6462681630,878.4521099221,870.3911728434,862.4672819556,854.6923798780,847.0631406694,839.5703274429,832.2090729361,824.9811335996,817.8756416896,810.9046914076,804.0646026587,797.3439379473,790.7573582379,784.2994398856,777.9479541002,771.7282077842,765.6270539411,759.6280493621,753.7624061622,748.0070668042,742.3831505514,736.8903133634,731.4986743878,726.2319997333,721.0953511451,716.1004533668,711.2260883446,706.4760860119,701.8448141835,697.3420954444,692.9655253583,688.7239015976,684.5962910586,680.6079815510,676.7618909243,673.0086932502,669.3874662151,665.8956215239,662.5360442900,659.2723409685,656.1128022327,653.0378831828,650.0959417394,647.2609539921,644.5286109702,641.9003564726,639.3995535480,636.9876051117,634.6882280053,632.4629233503,630.3063249489,628.2300838091,626.2418918207,624.3495652626,622.5258730691,620.7798469534,619.1167972731,617.5315195881,616.0194623603,614.5795472118,613.2022116034,611.8927497482,610.6551286960,609.4694466748,608.3361817502,607.2557063463,606.2285056702,605.2460129620,604.3078613705,603.4118806676,602.5602310938,601.7476545445,600.9844244864,600.2670139913,599.5869997341,598.9431009601,598.3384574657,597.7701644217,597.2415264495,596.7430799588,596.2747420297,595.8386673111,595.4289334263,595.0556052237,594.7099245238,594.3907945960,594.0970183367,593.8264069957,593.5723970019,593.3426964145,593.1309024027,592.9384884361,592.7646561935,592.6086846218,592.4685841919,592.3393140816,593.1591517363,595.1632028549,596.7738342112,598.2012490224,599.4954712472,600.6854956264,601.7922011352,602.8310562968,603.8136021370,604.7485002267,605.6422963617,606.4999790997,607.3253887576,608.1215172186,608.8907279253,609.6349174657,610.3556343737,611.0541665553,611.7316056915,620.5548498714
"Total Emissions GTCO2 per year",39.6891255561,36.7460029146,36.9114438884,37.0838738688,37.2220409715,37.2658293305,37.2051020697,37.0084071924,36.6471202712,36.1214517801,35.4006203491,34.4792859885,33.3632597219,32.0237970236,30.4838596653,28.7133480101,26.7281944207,24.5254170905,22.1106820508,19.4819187272,16.6338374494,13.5728156915,10.2978095870,6.8185314711,3.1247336723,-0.7789372409,-4.8864885903,-9.2232675544,-13.7893719959,-18.5831686742,-21.6897620341,-21.8642560346,-21.7757346952,-21.2278192424,-20.1330607745,-18.9389432253,-18.1543541241,-17.8046482973,-17.6924051372,-17.6901211082,-17.7208025718,-17.7719675646,-17.8112603380,-17.8106100061,-17.8487591134,-17.8688334171,-17.8553414777,-17.8263838551,-17.7926964490,-17.7513675854,-17.6942300867,-17.6388483844,-17.5558479810,-17.4641579560,-17.3772842578,-17.2614144763,-17.1408661786,-17.0429231638,-16.9055250672,-16.7754004876,-16.6631069611,-16.5038951850,-16.3661531463,-16.1949386719,-16.0143551779,-15.8695864500,-15.6917673270,-15.4986761868,-15.2806807723,-15.0840517089,-14.8801063253,-14.6801954438,-14.4631797509,-14.2436763951,-14.0067946002,-13.7941372148,-13.5444924625,-13.2815326267,-13.0873671487,-12.8440314304,-12.5948309287,-12.3353398672,-12.1243641177,-11.9068220251,-11.7180191408,-11.4614923184,-11.2317180991,-11.0088677008,-10.7839132200,-10.5221075972,-10.3096785160,-10.0669129396,-9.8768367521,-9.7028474618,-9.5163577021,-9.3174776602,-9.1040041744,-8.9277339422,-8.7428994850,-8.5490412051,-8.3605345204,-8.1784729912,-7.9982745676,-7.8323785871,-7.6604389608,-7.4812254135,-7.3302327993,-7.1827803051,-7.0362667815,-6.8895183583,-6.7559066028,-6.6252244395,-6.4989837366,-6.3705282602,-6.2499572248,-6.1147673093,-5.9821137686,-5.8616508783,-5.7446959557,-5.6235310180,-5.5059048325,-5.3831964244,-5.2737259915,-5.1661762334,-5.0558191402,-4.9540872345,-4.8380090155,-4.7327797898,-4.6302860623,-4.5300844616,-4.4336626754,-4.3482121381,-4.2530926519,-4.1667530870,-4.0795720124,-3.9938275397,-3.9095604088,-3.8287711492,-3.7566644198,-2.2160277539,0.0000000000,0.0000000000,0.0000000000,0.0000000000,0.0000000000,0.0000000000,0.0000000000,0.0000000000,0.0000000000,0.0000000000,0.0000000000,0.0000000000,0.0000000000,0.0000000000,0.0000000000,0.0000000000,0.0000000000,0.0000000000,12.7590474910,12.5278227029
"Airborne fraction since 1750",0.4190187126,0.4185139054,0.4170845835,0.4161143006,0.4154100941,0.4148659343,0.4144317472,0.4140617283,0.4137107524,0.4133449018,0.4129354566,0.4124451320,0.4118359011,0.4110702749,0.4101204168,0.4089699992,0.4075945945,0.4059759547,0.4040928018,0.4019252562,0.3994491680,0.3966358677,0.3934554794,0.3898738098,0.3858586994,0.3813671658,0.3763436155,0.3707394698,0.3644913351,0.3575239085,0.3497565962,0.3417792288,0.3345151495,0.3277750888,0.3215880546,0.3160610682,0.3111333352,0.3065759196,0.3022048276,0.2979422499,0.2937577286,0.2896420252,0.2855814757,0.2815733867,0.2776246433,0.2737019627,0.2698059487,0.2659422620,0.2621056824,0.2582870881,0.2544808259,0.2506862912,0.2468931763,0.2431094137,0.2393302758,0.2355449629,0.2317647348,0.2279836868,0.2241814362,0.2203801993,0.2165669118,0.2127256563,0.2088860901,0.2050248557,0.2011632753,0.1973010146,0.1934070621,0.1895077534,0.1856091362,0.1817255884,0.1778342328,0.1739416666,0.1700430331,0.1661526985,0.1622700795,0.1584096202,0.1545467761,0.1507196795,0.1469366471,0.1431324108,0.1393685202,0.1356454879,0.1319731266,0.1282998816,0.1246439449,0.1209775355,0.1173866228,0.1138324523,0.1103136549,0.1068389319,0.1034581923,0.1001062007,0.0968357329,0.0935779079,0.0903273235,0.0871128388,0.0839562907,0.0808812745,0.0778348366,0.0748432800,0.0719253442,0.0690759027,0.0662910396,0.0635749713,0.0609103982,0.0583171238,0.0558124215,0.0533501616,0.0509371255,0.0485797598,0.0462850321,0.0440337107,0.0418295549,0.0396707987,0.0375688084,0.0355120548,0.0335382189,0.0316419517,0.0298010572,0.0280160376,0.0263025650,0.0246557503,0.0230926621,0.0215843583,0.0201349291,0.0187570376,0.0174326740,0.0162056230,0.0150467240,0.0139560869,0.0129331965,0.0119731332,0.0110516934,0.0102053208,0.0094099579,0.0086754524,0.0080017031,0.0073888316,0.0068308320,0.0063065458,0.0103680198,0.0201594224,0.0280286528,0.0350027229,0.0413260400,0.0471402668,0.0525474139,0.0576230574,0.0624235846,0.0669913142,0.0713582276,0.0755486980,0.0795814885,0.0834712167,0.0872294301,0.0908653949,0.0943866770,0.0977995689,0.1011094043,0.1372144732
"alpha",0.3579164534,0.3722321337,0.3813574781,0.3932294495,0.4057288181,0.4192056354,0.4333203169,0.4479690924,0.4633901512,0.4794729498,0.4960435843,0.5127060990,0.5289169690,0.5450654224,0.5611129519,0.5771290898,0.5930009010,0.6086003602,0.6238660199,0.6386012533,0.6525968628,0.6655762758,0.6772566742,0.6876975373,0.6965074857,0.7019340875,0.7048095645,0.7052811202,0.7017618342,0.6945734148,0.6843843579,0.6722376909,0.6600387341,0.6485077622,0.6377860550,0.6281188054,0.6195666948,0.6118776532,0.6047100265,0.5978333669,0.5911278948,0.5845348977,0.5780171860,0.5715542704,0.5651472053,0.5587835624,0.5524523898,0.5461618315,0.5399162245,0.5337124265,0.5275474730,0.5214231661,0.5153376042,0.5092959261,0.5033034940,0.4973571713,0.4914630503,0.4856266599,0.4798396267,0.4741086918,0.4684391880,0.4628230456,0.4572707989,0.4517856761,0.4463722983,0.4410400101,0.4357797085,0.4305935443,0.4254929489,0.4204868777,0.4155734975,0.4107497130,0.4060159578,0.4013755910,0.3968322515,0.3923900104,0.3880455860,0.3838026387,0.3795229038,0.3752876661,0.3711855398,0.3672281936,0.3634124169,0.3597219243,0.3561427506,0.3526652698,0.3492946295,0.3460338725,0.3428726521,0.3398079641,0.3368457312,0.3339803148,0.3312069528,0.3285196767,0.3259049848,0.3233628361,0.3208977600,0.3185140315,0.3162062840,0.3139690931,0.3118055344,0.3097154211,0.3076958346,0.3057447114,0.3038585871,0.3020356000,0.3002775824,0.2985800483,0.2969371415,0.2953480544,0.2938123689,0.2923275196,0.2908905701,0.2895001761,0.2881557647,0.2868561193,0.2856020297,0.2843950032,0.2832319198,0.2821097678,0.2810283164,0.2799871883,0.2789860685,0.2780231211,0.2770954356,0.2762028522,0.2753440426,0.2745194801,0.2737292943,0.2729707813,0.2722428425,0.2715441866,0.2708722310,0.2702265654,0.2696071621,0.2690124768,0.2684422612,0.2678958297,0.2673722069,0.2668693592,0.2666051202,0.2668900549,0.2674592182,0.2679629597,0.2684208730,0.2688364010,0.2692141359,0.2695599672,0.2698798768,0.2701792823,0.2704627874,0.2707341493,0.2709963501,0.2712517072,0.2715019912,0.2717485350,0.2719923278,0.2722340929,0.2724743504,0.2746817777
"IIRF",40.6294236155,41.0770048257,41.3534130963,41.7032794139,42.0603999785,42.4333253984,42.8112616973,43.1906974232,43.5769589816,43.9663362144,44.3540950689,44.7311564749,45.0864164209,45.4296438221,45.7607970039,46.0819909038,46.3916147910,46.6879539290,46.9706880047,47.2371112145,47.4845292687,47.7092856741,47.9078320956,48.0824312890,48.2277074170,48.3162803958,48.3629367692,48.3705698777,48.3134794158,48.1959726185,48.0273148438,47.8229410024,47.6139363601,47.4127940464,47.2225332698,47.0482218866,46.8917665327,46.7492456474,46.6147672788,46.4842413019,46.3555107291,46.2275077394,46.0995393461,45.9712139722,45.8425571701,45.7133203301,45.5832740259,45.4525774634,45.3213170253,45.1894233915,45.0568280158,44.9235636628,44.7895828653,44.6549938860,44.5199154690,44.3842772119,44.2482197705,44.1118775041,43.9750606798,43.8379342096,43.7006368090,43.5629834445,43.4252443122,43.2875182269,43.1499442433,43.0127901283,42.8758530719,42.7392181042,42.6032228297,42.4681532545,42.3340117496,42.2007644778,42.0684739870,41.9372877332,41.8073667390,41.6788904940,41.5518286655,41.4263541418,41.2983785722,41.1703049131,41.0448711031,40.9225436646,40.8033375469,40.6868486418,40.5727262384,40.4607424786,40.3511403751,40.2441001456,40.1393600471,40.0368923317,39.9369680660,39.8394700179,39.7443042886,39.6513293007,39.5601327062,39.4707620952,39.3834274948,39.2983345414,39.2153450197,39.1343125859,39.0553960716,38.9786367479,38.9039738391,38.8313750892,38.7607531195,38.6920773453,38.6254553655,38.5607542867,38.4977840724,38.4365443352,38.3770486944,38.3192261134,38.2629885046,38.2083078545,38.1551852736,38.1035954273,38.0535918616,38.0052570184,37.9584873897,37.9131812895,37.8693475947,37.8269886375,37.7861086319,37.7466487229,37.7085043160,37.6716824931,37.6361414430,37.6019132148,37.5690153805,37.5373467233,37.5068717155,37.4775458950,37.4492695380,37.4220333263,37.3958437102,37.3706425416,37.3464259638,37.3231711594,37.3008424911,37.2793585301,37.2680527968,37.2802435435,37.3045559104,37.3260306031,37.3455166228,37.3631702329,37.3791945531,37.3938457485,37.4073820404,37.4200362198,37.4320054566,37.4434502784,37.4544978337,37.4652467684,37.4757723438,37.4861311429,37.4963651161,37.5065049162,37.5165725722,37.6086584315
"cbox1",154.8069940372,161.8684940803,168.4063528226,174.9736468858,181.5716196919,188.1941752430,194.8245216638,201.4440634008,208.0286091792,214.5488746333,220.9756129889,227.2741008445,233.4086645892,239.3446646505,245.0423470547,250.4660433783,255.5747297356,260.3302169373,264.6937853890,268.6277233884,272.0939510682,275.0534472852,277.4683255334,279.3005137418,280.5136677175,281.0696200812,280.9310301278,280.0616233796,278.4206156052,275.9672051426,272.6608808708,268.8018306130,264.9117343150,261.0373877511,257.2605264278,253.6784448911,250.3088211421,247.0787916888,243.9109820126,240.7631426976,237.6157097433,234.4628179531,231.3008228787,228.1318368033,224.9629664514,221.7873086085,218.6080790916,215.4312500989,212.2595732854,209.0938901316,205.9355602325,202.7873962380,199.6490858053,196.5255427848,193.4183132975,190.3265404411,187.2553831661,184.2056738643,181.1733906586,178.1655533603,175.1808678474,172.2161616273,169.2797824431,166.3679103886,163.4865008559,160.6372208198,157.8136980429,155.0218129300,152.2642826464,149.5455381810,146.8617780311,144.2143038997,141.6023979756,139.0291035927,136.4948632927,134.0027690888,131.5485109810,129.1386697176,126.7756143843,124.4471050231,122.1618900409,119.9210128990,117.7263044953,115.5691329754,113.4506666079,111.3657921214,109.3265589596,107.3282073036,105.3695052817,103.4508272357,101.5787297330,99.7444276945,97.9533185898,96.1960278899,94.4696934381,92.7765393010,91.1187699659,89.4989819157,87.9105559374,86.3550157571,84.8339669100,83.3464572408,81.8913400257,80.4682837730,79.0747437924,77.7117953831,76.3807327002,75.0765346806,73.7985714629,72.5466759884,71.3208900476,70.1188763531,68.9401136785,67.7838117991,66.6503647686,65.5383697800,64.4504278269,63.3860876413,62.3431802648,61.3210815461,60.3205405466,59.3409276350,58.3831470480,57.4448434827,56.5256752136,55.6261417198,54.7447084063,53.8839277679,53.0418695588,52.2180470707,51.4120524880,50.6232133092,49.8495775186,49.0928654284,48.3515149071,47.6256756752,46.9150921298,46.2195014232,45.5382847756,44.8698973892,44.4756205523,44.4756200518,44.4756195519,44.4756190530,44.4756185551,44.4756180580,44.4756175617,44.4756170661,44.4756165711,44.4756160767,44.4756155829,44.4756150895,44.4756145967,44.4756141043,44.4756136124,44.4756131210,44.4756126300,44.4756121395,44.4756116493,46.7457047815
"cbox2",105.0491122387,110.0425731707,114.4877435092,118.9295302593,123.3871564643,127.8586323350,132.3327031824,136.7941100937,141.2212291727,145.5884645428,149.8696553643,154.0321999016,158.0408851862,161.8595599112,165.4490351924,168.7745301531,171.7963486944,174.4775784147,176.7805888338,178.6688895610,180.1052648230,181.0512308348,181.4690451382,181.3204244323,180.5695943185,179.1783173340,177.1050479608,174.3125673486,170.7601849934,166.4038891525,161.2018180779,155.4640735788,149.7274479700,144.0409689076,138.4907820365,133.1783016527,128.1226738541,123.2500497457,118.4820962863,113.7765026721,109.1141225979,104.4897811749,99.9005038409,95.3491690020,90.8436932603,86.3775513936,81.9546478941,77.5816432392,73.2618336063,68.9965270502,64.7875410082,60.6381520821,56.5483966954,52.5236567515,48.5657959936,44.6741958613,40.8543919744,37.1074104162,33.4292923743,29.8274136795,26.3005264403,22.8454716048,19.4708977923,16.1728624638,12.9574612670,9.8262810760,6.7726391789,3.8024549293,0.9182817534,-1.8756566684,-4.5836664413,-7.2048099579,-9.7402758460,-12.1874378894,-14.5464271465,-16.8147237810,-18.9974743147,-21.0886647289,-23.0867625995,-25.0050674207,-26.8353171118,-28.5774541796,-30.2307175142,-31.8051145970,-33.3004982832,-34.7231763031,-36.0618655695,-37.3227435140,-38.5083328706,-39.6195056883,-40.6508683621,-41.6128652041,-42.5012989016,-43.3271676019,-44.0946199726,-44.8025341607,-45.4498791666,-46.0353092512,-46.5669592549,-47.0445035608,-47.4675631417,-47.8384239019,-48.1595531259,-48.4325540172,-48.6612706329,-48.8457854504,-48.9859786815,-49.0881982008,-49.1541712679,-49.1851097272,-49.1820002437,-49.1482437946,-49.0853137837,-48.9949233431,-48.8775457047,-48.7354814704,-48.5669057094,-48.3731621573,-48.1573248851,-47.9208117915,-47.6636019632,-47.3870843339,-47.0910565325,-46.7786416281,-46.4508284054,-46.1077151421,-45.7514691374,-45.3800407255,-44.9959990849,-44.6003786721,-44.1940951089,-43.7783043995,-43.3554264886,-42.9240704057,-42.4862186381,-42.0420583740,-41.5921763886,-41.1371487558,-40.6778933766,-40.2162382902,-39.4868451273,-38.3761685402,-37.2978688728,-36.2520660638,-35.2374706187,-34.2529295890,-33.2973552191,-32.3697241143,-31.4690765870,-30.5945118076,-29.7451813049,-28.9202824197,-28.1190524256,-27.3407635489,-26.5847188833,-25.8502490970,-25.1367097996,-24.4434794377,-23.7699576028,-20.8078378619
"cbox3",33.9920916734,35.2249336122,35.8774153437,36.6068560276,37.4475788429,38.3789896602,39.3781050384,40.4181098377,41.4684510405,42.5007200516,43.4883090671,44.3984464721,45.1955999290,45.8428636385,46.3065049142,46.5604835680,46.5749597871,46.3244953184,45.7833523502,44.9281834619,43.7349952270,42.1788501646,40.2365046286,37.8852379515,35.1079352870,31.8856905916,28.1960538144,24.0290977037,19.3753652440,14.2271751703,8.5884331254,2.8915058579,-2.1999123385,-6.6770833488,-10.4934376620,-13.5939976261,-16.0333355537,-17.9748957688,-19.5704241673,-20.9111486032,-22.0497581657,-23.0160595203,-23.8338104307,-24.5171353643,-25.0726936257,-25.5237386345,-25.8785253865,-26.1411901566,-26.3196311248,-26.4233529257,-26.4602188012,-26.4355152843,-26.3578328940,-26.2284820863,-26.0529213578,-25.8389645228,-25.5862324430,-25.2998456544,-24.9901860394,-24.6529177503,-24.2945307481,-23.9229133047,-23.5310069896,-23.1275994575,-22.7085491157,-22.2756517120,-21.8401305503,-21.3967727374,-20.9450976599,-20.4828653724,-20.0181232302,-19.5515167008,-19.0859750135,-18.6195051751,-18.1536008821,-17.6864297579,-17.2252522332,-16.7631720116,-16.2995912625,-15.8499958697,-15.4029953828,-14.9591432657,-14.5180568455,-14.0915673100,-13.6775253353,-13.2813298345,-12.8871993915,-12.5021159271,-12.1274965696,-11.7624658470,-11.3991192262,-11.0489669123,-10.7045798625,-10.3770731835,-10.0675040218,-9.7706604544,-9.4824391009,-9.1991849620,-8.9286185350,-8.6672858146,-8.4123387234,-8.1644850584,-7.9244472139,-7.6917860094,-7.4686312709,-7.2524177908,-7.0408860695,-6.8394736628,-6.6472541865,-6.4629192313,-6.2851944109,-6.1157746942,-5.9538321034,-5.7989950550,-5.6496033075,-5.5064083163,-5.3654164726,-5.2270624139,-5.0936019193,-4.9649457696,-4.8394431611,-4.7173954930,-4.5972814830,-4.4816213786,-4.3700013836,-4.2611380108,-4.1563491476,-4.0520000853,-3.9504216799,-3.8517101314,-3.7558256502,-3.6630199382,-3.5748977898,-3.4885053894,-3.4053296463,-3.3245398754,-3.2459634486,-3.1694724356,-3.0953613010,-3.0248723782,-2.6648825221,-1.9585553325,-1.4399135130,-1.0593056137,-0.7797524685,-0.5742741194,-0.4231428936,-0.3119183718,-0.2300195663,-0.1696857617,-0.1252196356,-0.0924352896,-0.0682551329,-0.0504150562,-0.0372485232,-0.0275282777,-0.0203501761,-0.0150478658,-0.0111300745,2.5389463573
"cbox4",4.6655516589,4.6183783272,4.4668916055,4.5523171249,4.7022331047,4.8657888507,5.0315387441,5.1922728276,5.3410165614,5.4737623524,5.5867240936,5.6717503813,5.7206332809,5.7255512190,5.6820367952,5.5892604674,5.4414318503,5.2359915598,4.9690251078,4.6380050712,4.2393874278,3.7693187604,3.2258223484,2.6073854221,1.9158472803,1.1509850517,0.3146777677,-0.5849725943,-1.5431688075,-2.5490465077,-3.5879756570,-4.3736800138,-4.6297416778,-4.6526539121,-4.5310680180,-4.2894295697,-4.0022072875,-3.7647607433,-3.6091317881,-3.5155900664,-3.4583834626,-3.4178664567,-3.3856819230,-3.3546839996,-3.3189378855,-3.2870302457,-3.2540013652,-3.2164050251,-3.1757168190,-3.1338185348,-3.0908912248,-3.0459811577,-3.0010896386,-2.9531077638,-2.9036669960,-2.8549155537,-2.8032661810,-2.7508804618,-2.7016246146,-2.6489232266,-2.5968913199,-2.5477522867,-2.4943488050,-2.4431883119,-2.3893441771,-2.3346185416,-2.2846140050,-2.2325771097,-2.1791973160,-2.1236444945,-2.0709817361,-2.0189729502,-1.9684146537,-1.9171468048,-1.8663916268,-1.8147956732,-1.7665750954,-1.7159331471,-1.6644513188,-1.6204302034,-1.5731930520,-1.5258756506,-1.4785675663,-1.4371918207,-1.3969224774,-1.3604845217,-1.3186339798,-1.2794755911,-1.2421465919,-1.2055809484,-1.1662703172,-1.1320721869,-1.0962935409,-1.0659454747,-1.0383262153,-1.0103425971,-0.9816415981,-0.9520041603,-0.9261867988,-0.9004611487,-0.8743494921,-0.8491104126,-0.8249590458,-0.8014782547,-0.7797120053,-0.7579241138,-0.7358209733,-0.7164978623,-0.6980459784,-0.6800224035,-0.6622714427,-0.6459266223,-0.6301881408,-0.6150944532,-0.6000663825,-0.5859071686,-0.5707628783,-0.5559307986,-0.5423354461,-0.5293047447,-0.5161196763,-0.5033651061,-0.4903643027,-0.4785822368,-0.4671851146,-0.4557029754,-0.4450384146,-0.4333634530,-0.4226059899,-0.4122453907,-0.4021951118,-0.3925636953,-0.3839379579,-0.3746749384,-0.3661459395,-0.3576707092,-0.3493778186,-0.3412773295,-0.3335276256,-0.3265543586,-0.2018228861,-0.0147750436,-0.0010846743,-0.0000800725,-0.0000059401,-0.0000004426,-0.0000000331,-0.0000000025,-0.0000000002,0.0000000000,0.0000000000,0.0000000000,0.0000000000,0.0000000000,0.0000000000,0.0000000000,0.0000000000,0.0000000000,0.0000000000,1.0409548752
"so2",77.1672960001,70.9854555097,66.4116026506,62.1077647441,58.0561463468,54.2308143778,50.6273959410,47.2323231176,44.0332477598,41.0302606628,38.2100832064,35.5704117990,33.1137532291,30.8277075400,28.7221800951,26.7841863630,25.0205993239,23.4301326659,22.0152306114,20.7749998852,19.7071584094,18.8144567218,18.0964426302,17.5573001317,17.1925910920,17.0042675917,16.9947586392,15.2045670297,13.3133891464,11.3179664366,10.0337097858,9.9712788391,9.9169962728,9.8573784969,9.8020047831,9.7507468928,9.7043553287,9.6630552444,9.6293296277,9.5969856024,9.5702938866,9.5423104844,9.5227217267,9.5223150127,9.5048301821,9.4956689093,9.5017215688,9.5147788749,9.5299800377,9.5486338805,9.5744249929,9.5994240098,9.6368902854,9.6782791227,9.7174938951,9.7697975088,9.8242130083,9.8684244843,9.9304459848,9.9891842200,10.0398735178,10.1117417135,10.1739184698,10.2512046835,10.3327200727,10.3980686765,10.4783362286,10.5654975693,10.6639006994,10.7526590586,10.8447200048,10.9349597767,11.0329206605,11.1320044752,11.2389329175,11.3349264612,11.4476161024,11.5663161723,11.6539624691,11.7638042123,11.8762933188,11.9934275839,12.0886620373,12.1868605379,12.2720861598,12.3878823675,12.4916024501,12.5921971198,12.6937415725,12.8119206306,12.9078111179,13.0173954991,13.1031958901,13.1817346557,13.2659161333,13.3556905842,13.4520525157,13.5316208985,13.6150551725,13.7025628000,13.7876547175,13.8698372918,13.9511788602,14.0260643058,14.1036778531,14.1845748483,14.2527329144,14.3192929703,14.3854291748,14.4516714130,14.5119837595,14.5709736880,14.6279587413,14.6859435433,14.7403693087,14.8013940366,14.8612738449,14.9156507935,14.9684442456,15.0231380985,15.0762345586,15.1316251340,15.1810400874,15.2295880483,15.2794032401,15.3253250223,15.3777227304,15.4252232029,15.4714888715,15.5167198740,15.5602446683,15.5988170409,15.6417539769,15.6807276565,15.7200811936,15.7587862486,15.7968244315,15.8332927033,15.8658416809,16.5612850719,17.5616000000,17.5616000000,17.5616000000,17.5616000000,17.5616000000,17.5616000000,17.5616000000,17.5616000000,17.5616000000,17.5616000000,17.5616000000,17.5616000000,17.5616000000,17.5616000000,17.5616000000,17.5616000000,17.5616000000,17.5616000000,23.3210340374,23.2166591681
"ch4",354.3501840011,338.3279260874,335.2495346183,332.4937834884,329.8928065561,327.2019745509,324.3800375197,321.2990079688,317.8424046209,314.0110839576,309.6797874637,304.8267851382,299.4757237587,293.5096333324,287.0219521115,279.8901957515,272.1791977425,263.8768241794,255.0061316489,245.5586937997,235.5129835690,224.8949470468,213.7003186611,201.9685664612,189.6578250967,176.7865087335,163.3775304425,146.4904792852,128.6508148083,109.8277987673,97.7132811671,97.1243639896,96.6123112743,96.0499310094,95.5275853940,95.0440647417,94.6064486156,94.2168609129,93.8987238987,93.5936195692,93.3418340238,93.0778638760,92.8930812242,92.8892446517,92.7243085474,92.6378893728,92.6949846969,92.8181555321,92.9615495758,93.1375130849,93.3808031511,93.6166213031,93.9700443158,94.3604692343,94.7303859870,95.2237710504,95.7370777370,96.1541288806,96.7391837129,97.2932671844,97.7714242491,98.4493639127,99.0358832878,99.7649316412,100.5338742168,101.1503139371,101.9074855447,102.7296869291,103.6579332037,104.4951994182,105.3636192563,106.2148597807,107.1389343028,108.0736015418,109.0822679129,109.9877843257,111.0507966454,112.1705059224,112.9972819443,114.0334297664,115.0945504225,116.1994893114,117.0978451503,118.0241611350,118.8281026964,119.9204195590,120.8988211622,121.8477404430,122.8056191179,123.9204136402,124.8249579111,125.8586780120,126.6680414260,127.4089052228,128.2029972685,129.0498483750,129.9588398250,130.7094161005,131.4964597028,132.3219276444,133.1246079587,133.8998441561,134.6671470638,135.3735487382,136.1056848612,136.8687940667,137.5117357175,138.1396031827,138.7634724177,139.3883418784,139.9572740947,140.5137318143,141.0512773513,141.5982536151,142.1116571410,142.6873093203,143.2521613619,143.7651043950,144.2631101512,144.7790425722,145.2799066329,145.8024113052,146.2685473556,146.7265049807,147.1964165190,147.6296011467,148.1238738110,148.5719503770,149.0083789183,149.4350473542,149.8456209618,150.2094778949,150.6145061790,150.9821486802,151.3533744142,151.7184829532,152.0773008232,152.4213095697,152.7283472342,159.2885322210,168.7246000000,168.7246000000,168.7246000000,168.7246000000,168.7246000000,168.7246000000,168.7246000000,168.7246000000,168.7246000000,168.7246000000,168.7246000000,168.7246000000,168.7246000000,168.7246000000,168.7246000000,168.7246000000,168.7246000000,168.7246000000,223.0539001214,222.0693218511
"Objective",4570.7257459513
