

"Period",1.0000000000,2.0000000000,3.0000000000,4.0000000000,5.0000000000,6.0000000000,7.0000000000,8.0000000000,9.0000000000,10.0000000000,11.0000000000,12.0000000000,13.0000000000,14.0000000000,15.0000000000,16.0000000000,17.0000000000,18.0000000000,19.0000000000,20.0000000000,21.0000000000,22.0000000000,23.0000000000,24.0000000000,25.0000000000,26.0000000000,27.0000000000,28.0000000000,29.0000000000,30.0000000000,31.0000000000,32.0000000000,33.0000000000,34.0000000000,35.0000000000,36.0000000000,37.0000000000,38.0000000000,39.0000000000,40.0000000000,41.0000000000,42.0000000000,43.0000000000,44.0000000000,45.0000000000,46.0000000000,47.0000000000,48.0000000000,49.0000000000,50.0000000000,51.0000000000,52.0000000000,53.0000000000,54.0000000000,55.0000000000,56.0000000000,57.0000000000,58.0000000000,59.0000000000,60.0000000000,61.0000000000,62.0000000000,63.0000000000,64.0000000000,65.0000000000,66.0000000000,67.0000000000,68.0000000000,69.0000000000,70.0000000000,71.0000000000,72.0000000000,73.0000000000,74.0000000000,75.0000000000,76.0000000000,77.0000000000,78.0000000000,79.0000000000,80.0000000000,81.0000000000,82.0000000000,83.0000000000,84.0000000000,85.0000000000,86.0000000000,87.0000000000,88.0000000000,89.0000000000,90.0000000000,91.0000000000,92.0000000000,93.0000000000,94.0000000000,95.0000000000,96.0000000000,97.0000000000,98.0000000000,99.0000000000,100.0000000000
"Year",2015.0000000000,2020.0000000000,2025.0000000000,2030.0000000000,2035.0000000000,2040.0000000000,2045.0000000000,2050.0000000000,2055.0000000000,2060.0000000000,2065.0000000000,2070.0000000000,2075.0000000000,2080.0000000000,2085.0000000000,2090.0000000000,2095.0000000000,2100.0000000000,2105.0000000000,2110.0000000000,2115.0000000000,2120.0000000000,2125.0000000000,2130.0000000000,2135.0000000000,2140.0000000000,2145.0000000000,2150.0000000000,2155.0000000000,2160.0000000000,2165.0000000000,2170.0000000000,2175.0000000000,2180.0000000000,2185.0000000000,2190.0000000000,2195.0000000000,2200.0000000000,2205.0000000000,2210.0000000000,2215.0000000000,2220.0000000000,2225.0000000000,2230.0000000000,2235.0000000000,2240.0000000000,2245.0000000000,2250.0000000000,2255.0000000000,2260.0000000000,2265.0000000000,2270.0000000000,2275.0000000000,2280.0000000000,2285.0000000000,2290.0000000000,2295.0000000000,2300.0000000000,2305.0000000000,2310.0000000000,2315.0000000000,2320.0000000000,2325.0000000000,2330.0000000000,2335.0000000000,2340.0000000000,2345.0000000000,2350.0000000000,2355.0000000000,2360.0000000000,2365.0000000000,2370.0000000000,2375.0000000000,2380.0000000000,2385.0000000000,2390.0000000000,2395.0000000000,2400.0000000000,2405.0000000000,2410.0000000000,2415.0000000000,2420.0000000000,2425.0000000000,2430.0000000000,2435.0000000000,2440.0000000000,2445.0000000000,2450.0000000000,2455.0000000000,2460.0000000000,2465.0000000000,2470.0000000000,2475.0000000000,2480.0000000000,2485.0000000000,2490.0000000000,2495.0000000000,2500.0000000000,2505.0000000000,2510.0000000000
"Industrial Emissions GTCO2 per year",35.7403846239,35.3093689303,37.8344301799,40.0648558658,41.9708832769,43.5254111283,44.7072653486,45.5015724872,45.8975282449,45.8894341012,45.4752738088,44.6570925865,43.4414335070,41.8369076748,39.8550037899,37.5098810715,34.8161581247,31.7903856727,28.4517385767,24.8190893153,20.9108389834,16.7462091664,12.3448009275,7.7255525662,2.9055173603,0.0000000000,0.0000000000,0.0000000000,0.0000000000,-16.2073766462,-16.0489334939,-15.8766396283,-15.6921224796,-15.4951143689,-15.2857726755,-15.0646778932,-14.8326627157,-14.5906901770,-14.3397790931,-14.0809597230,-13.8152475932,-13.5436282036,-13.2670482062,-12.9864104027,-12.7025712119,-12.4163395169,-12.1284765215,-11.8396962154,-11.5506663961,-11.2620139914,-10.9743258309,-10.6880953710,-10.4037902376,-10.1218571332,-9.8427121143,-9.5667358231,-9.2942724147,-9.0256303594,-8.7610840664,-8.5008757725,-8.2452174810,-7.9942928785,-7.7482591312,-7.5072486567,-7.2713707603,-7.0407132614,-6.8153439717,-6.5953121944,-6.3806500858,-6.1713740071,-5.9674857876,-5.7689739360,-5.5758147809,-5.3879735553,-5.2054053989,-5.0280562781,-4.8558637932,-4.6887579696,-4.5266616142,-4.3694907344,-4.2171541539,-4.0695536233,-3.9265810352,-3.7881155028,-3.6540177431,-3.5241188874,-3.3982026867,-3.2759745040,-3.1570074792,-3.0406520373,-2.9258710278,-2.8357088948,-2.7438326825,-2.6518811710,-2.5609272729,-2.4716647833,-2.3845325490,-2.2997975780,11.0880548829,10.6902652332
"Atmospheric concentrations ppm",400.0288488157,418.3530775414,431.4506627648,445.5434466899,460.4100859453,475.9557682157,492.0803935670,508.6672377826,525.5843366739,542.6848330265,559.8092336384,576.7874503648,593.4410057066,609.5863778575,625.0366117610,639.6036901962,653.1013400384,665.3461223835,676.1596381541,685.3714208821,692.8195900225,698.3513556416,701.8246490355,703.1093290050,702.0875960959,698.6536728698,694.0628735809,690.1186913528,686.6590771710,683.5725114976,670.3668042232,658.1393980391,646.7094078733,635.9487418933,625.7641949884,616.0860502755,606.8608309777,598.0465763015,589.6096766602,581.5227000906,573.7628666714,566.3109572908,559.1505198708,552.2672830945,545.6487171990,539.2837002751,533.1622611769,527.2753784995,521.6148209658,516.1730199342,510.9429603996,505.9180679720,501.0921948837,496.4595492378,492.0146239440,487.7521419058,483.6670130088,479.7542990641,476.0091845092,472.4269516770,469.0029600008,465.7326287567,462.6114230422,459.6348427692,456.7984143943,454.0976851780,451.5282196809,449.0855982973,446.7654175143,444.5632917026,442.4748561654,440.4957712408,438.6217272441,436.8484500648,435.1717072423,433.5873143791,432.0911417656,430.6791211292,429.3472523679,428.0916104178,426.9083520743,425.7937231678,424.7440656234,423.7558261757,422.8255665487,421.9499766028,421.1258936589,420.3503315517,419.6205268916,418.9340154619,418.2887592914,417.6833671736,417.1015723869,416.5457502140,416.0164524521,415.5131610621,415.0347561828,414.5798036950,414.1467297727,422.2825574862
"Atmospheric Temperature rel. 1850-1900",1.0401629959,1.1332798776,1.2742120328,1.3692571533,1.4581670190,1.5512699987,1.6439443840,1.7367177941,1.8280107619,1.9160551219,2.0020146353,2.0850492288,2.1664000918,2.2468658892,2.3249306154,2.4007812974,2.4738042873,2.5421158009,2.6057639050,2.6648657088,2.7176099842,2.7630349770,2.8010186569,2.8312894622,2.8535078659,2.8672918819,2.8722103395,2.8715354900,2.8706629076,2.8700593917,2.8696667431,2.8395383535,2.8065632675,2.7737857999,2.7413810327,2.7092380605,2.6772584284,2.6453778808,2.6135589470,2.5817832405,2.5500458604,2.5183514562,2.4867114387,2.4551419774,2.4236625451,2.3922948461,2.3610620201,2.3299880416,2.2990183229,2.2681214073,2.2385435148,2.2102811527,2.1830423151,2.1566211652,2.1308951681,2.1057948937,2.0812826257,2.0573392343,2.0339563126,2.0111314737,1.9888655231,1.9671607463,1.9460198618,1.9254453753,1.9054391789,1.8860023015,1.8671347580,1.8488354615,1.8311021792,1.8139315199,1.7973189445,1.7812587931,1.7657443268,1.7507677796,1.7363204188,1.7223926121,1.7089738996,1.6960530699,1.6836182389,1.6716569296,1.6601561543,1.6491024971,1.6384821981,1.6282812380,1.6184854296,1.6090805164,1.6000522867,1.5913867168,1.5830701644,1.5750896485,1.5674332837,1.5600909736,1.5530555836,1.5462512514,1.5396782475,1.5333382020,1.5272280460,1.5213413089,1.5156774417,1.5102506829
"Ocean Temperature rel. 1850-1900",0.3846996453,0.4274797296,0.4751583831,0.5265773982,0.5803544828,0.6363929203,0.6946245502,0.7549139647,0.8170817000,0.8808573228,0.9459974043,1.0122629314,1.0794616176,1.1474690997,1.2161242280,1.2852526241,1.3546696962,1.4241148782,1.4933074510,1.5619890399,1.6298471598,1.6965136541,1.7616182835,1.8247996770,1.8856991230,1.9439573693,1.9992118568,2.0512428578,2.1001231116,2.1460472285,2.1892052216,2.2285865651,2.2637100389,2.2947805674,2.3220585618,2.3457879993,2.3661921891,2.3834766101,2.3978317191,2.4094351387,2.4184533379,2.4250429462,2.4293517980,2.4315197819,2.4316795398,2.4299570538,2.4264721448,2.4213389015,2.4146629225,2.4065411716,2.3971136434,2.3865367187,2.3749457991,2.3624542179,2.3491595809,2.3351484731,2.3204994347,2.3052848106,2.2895719165,2.2734237912,2.2568996992,2.2400554774,2.2229437866,2.2056143012,2.1881138584,2.1704865812,2.1527739824,2.1350150567,2.1172463631,2.0995021016,2.0818141850,2.0642123079,2.0467240140,2.0293747618,2.0121879904,1.9951851846,1.9783859409,1.9618080338,1.9454674825,1.9293786188,1.9135541558,1.8980052567,1.8827416056,1.8677714783,1.8531018145,1.8387382913,1.8246853988,1.8109465194,1.7975240129,1.7844193108,1.7716330288,1.7591651082,1.7470150090,1.7351790717,1.7236523512,1.7124302679,1.7015084255,1.6908823723,1.6805477711,1.6705010970
"Output Net Net) ",104.9080088098,125.0459788000,147.3751259115,171.9952789526,198.9541070913,228.2938292936,260.0659161639,294.3159737655,331.0918862982,370.4443626490,412.4169196678,457.0565841555,504.4015993040,554.4850779948,607.3481806932,663.0238505095,721.5461325492,782.9601416598,847.2998002947,914.5923001450,984.8812247570,1058.2063508981,1134.5924539700,1214.0496169113,1296.5603954622,1382.6807974821,1472.9532225886,1566.8731308120,1664.3807847869,1760.6311178860,1863.1035700809,1969.6764338042,2079.7590701394,2193.0841351418,2309.4733423250,2428.7877237503,2550.9093346337,2675.7314967820,2803.1529805149,2933.0744926903,3065.3965987673,3200.0185616667,3336.8377588278,3475.7494473127,3616.6467877658,3759.4209997323,3903.9616413719,4050.1569673242,4197.8980479393,4347.0764374391,4497.5244402880,4649.1103448270,4801.7207572090,4955.2465589771,5109.5796086804,5264.6119346600,5420.2357091067,5576.3435279611,5732.8287989037,5889.5861239479,6046.5116471224,6203.5033723942,6360.4614044408,6517.2881894027,6673.8886776523,6830.1705073796,6986.0440928472,7141.4227673764,7296.2228348563,7450.3636528283,7603.7676690201,7756.3604485371,7908.0706674189,8058.8300888222,8208.5734797271,8357.2384514554,8504.7651489207,8651.0959238260,8796.1741872762,8939.9431762912,9082.3427971276,9223.3068520140,9362.7528750610,9500.5689455911,9636.5902136363,9770.5541479192,9902.0251345288,10030.2596617618,10153.9640829973,10270.8674244404,10376.9232029572,10557.0193636719,10720.0631446450,10870.4722039526,11011.3698629083,11144.9746288059,11272.8667748356,11396.1742614873,11516.0181186267,11632.3643882825
"Climate Damages fraction output",0.0025533762,0.0030310029,0.0038317345,0.0044246818,0.0050179525,0.0056791951,0.0063780254,0.0071182053,0.0078862311,0.0086641907,0.0094590277,0.0102599355,0.0110761629,0.0119142389,0.0127565136,0.0136024520,0.0144425101,0.0152511525,0.0160244130,0.0167595618,0.0174295535,0.0180170950,0.0185158650,0.0189182320,0.0192163169,0.0194024161,0.0194690377,0.0194598899,0.0194480650,0.0194398886,0.0194345698,0.0190286282,0.0185892418,0.0181575749,0.0177358011,0.0173223312,0.0169158020,0.0165153370,0.0161204293,0.0157308271,0.0153464520,0.0149673420,0.0145936117,0.0142254242,0.0138629707,0.0135064561,0.0131560887,0.0128120725,0.0124737452,0.0121407243,0.0118261419,0.0115294089,0.0112469900,0.0109763950,0.0107160856,0.0104651182,0.0102229002,0.0099890416,0.0097632687,0.0095453735,0.0093351831,0.0091325425,0.0089373042,0.0087493221,0.0085684484,0.0083945310,0.0082274136,0.0080669345,0.0079129270,0.0077652202,0.0076236387,0.0074880036,0.0073581331,0.0072338433,0.0071149483,0.0070012617,0.0068925966,0.0067887666,0.0066895861,0.0065948711,0.0065044396,0.0064181121,0.0063357124,0.0062570675,0.0061820084,0.0061103707,0.0060419949,0.0059767276,0.0059144223,0.0058549415,0.0057981592,0.0057439659,0.0056922767,0.0056425073,0.0055946375,0.0055486575,0.0055045242,0.0054621713,0.0054215763,0.0053828228
"Consumption Per Capita ",10.4658906748,11.8129429317,13.2797199625,14.8744045239,16.6031408150,18.4713445783,20.4845714455,22.6481189115,24.9671812197,27.4468501742,30.0917575309,32.9063220366,35.8944235888,39.0594853307,42.4049174090,45.9337506850,49.6488689870,53.5533646469,57.6499982981,61.9413143650,66.4304678764,71.1210367972,76.0170765820,81.1240099298,86.4501632896,92.0093820236,97.8046521873,103.8157942161,110.0149532260,116.3944877768,123.0310226471,129.9244327752,137.0536210672,144.4010323387,151.9534376264,159.7004993705,167.6336216868,175.7451989231,184.0281463354,192.4756133814,201.0808104134,209.8369092200,218.7369925006,227.7740247245,236.9408482877,246.2301830257,255.6346350417,265.1467005228,274.7588458101,284.4633851399,294.2510445609,304.1131831851,314.0419651482,324.0299835357,334.0700193329,344.1549394423,354.2776616886,364.4311531368,374.6084471765,384.8026640835,395.0070290207,405.2148963777,415.4197590920,425.6152700924,435.7952451943,445.9536849871,456.0847693754,466.1828768630,476.2425810911,486.2586604620,496.2261002183,506.1400979796,515.9960655499,525.7896371490,535.5166791443,545.1733109483,554.7559003214,564.2611947361,573.6863147032,583.0290583053,592.2877825290,601.4626163943,610.5558112698,619.5732841256,628.5278703214,637.4438166612,646.3656210764,655.3738391151,664.6114428628,674.3357798335,669.2868512378,680.9025293498,691.4183796115,701.1193295782,710.2068251301,718.8239538244,727.0726386958,735.0256297581,742.7552300768,750.2592488654
"Carbon Price (per t CO2)",2.0125964256,21.3249829970,25.3531967793,29.8936429654,34.9680577610,40.6013610417,46.8156183696,53.6345427693,61.0875459081,69.2021573738,78.0085854802,87.5323007998,97.7913345406,108.8046370821,120.5863570626,133.1471354430,146.5020537536,160.6623478696,175.6312447702,191.4162733116,208.0296379837,225.4818997644,243.7826988585,262.9459058140,282.9976014055,292.0640357150,284.7624348221,277.6433739516,270.7022896028,353.3349018239,344.5015292783,335.8889910464,327.4917662702,319.3044721134,311.3218603106,303.5388138028,295.9503434578,288.5515848713,281.3377952495,274.3043503683,267.4467416091,260.7605730689,254.2415587421,247.8855197736,241.6883817793,235.6461722348,229.7550179289,224.0111424807,218.4108639187,212.9505923207,207.6268275127,202.4361568249,197.3752529042,192.4408715816,187.6298497921,182.9391035473,178.3656259586,173.9064853096,169.5588231769,165.3198525975,161.1868562825,157.1571848755,153.2282552536,149.3975488723,145.6626101504,142.0210448967,138.4705187743,135.0087558049,131.6335369098,128.3426984870,125.1341310249,122.0057777492,118.9556333055,115.9817424729,113.0821989111,110.2551439383,107.4987653398,104.8112962063,102.1910138012,99.6362384561,97.1453324947,94.7166991824,92.3487817028,90.0400621602,87.7890606062,85.5943340911,83.4544757388,81.3681138453,79.3339109992,77.3505632242,75.4167991436,73.5313791650,71.6930946859,69.9007673187,68.1532481358,66.4494169324,64.7881815091,63.1684769713,0.0000000000,0.0000000000
"Emissions Control Rate",0.0300000000,0.1332603249,0.1508474607,0.1698738156,0.1903515748,0.2123106428,0.2357763487,0.2607840283,0.2873893463,0.3156437009,0.3456077501,0.3773304045,0.4108435133,0.4461854916,0.4833862484,0.5224712999,0.5634812673,0.6064508311,0.6513996255,0.6983615064,0.7473841461,0.7985140119,0.8517980738,0.9072949144,0.9650910880,1.0000000000,1.0000000000,1.0000000000,1.0000000000,1.2000000000,1.2000000000,1.2000000000,1.2000000000,1.2000000000,1.2000000000,1.2000000000,1.2000000000,1.2000000000,1.2000000000,1.2000000000,1.2000000000,1.2000000000,1.2000000000,1.2000000000,1.2000000000,1.2000000000,1.2000000000,1.2000000000,1.2000000000,1.2000000000,1.2000000000,1.2000000000,1.2000000000,1.2000000000,1.2000000000,1.2000000000,1.2000000000,1.2000000000,1.2000000000,1.2000000000,1.2000000000,1.2000000000,1.2000000000,1.2000000000,1.2000000000,1.2000000000,1.2000000000,1.2000000000,1.2000000000,1.2000000000,1.2000000000,1.2000000000,1.2000000000,1.2000000000,1.2000000000,1.2000000000,1.2000000000,1.2000000000,1.2000000000,1.2000000000,1.2000000000,1.2000000000,1.2000000000,1.2000000000,1.2000000000,1.2000000000,1.2000000000,1.2000000000,1.2000000000,1.2000000000,1.2000000000,1.2000000000,1.2000000000,1.2000000000,1.2000000000,1.2000000000,1.2000000000,1.2000000000,0.0000000000,0.0000000000
"Social cost of carbon",11.5655256921,13.9054420085,16.5657866164,19.5958442848,23.0233019369,26.8831860904,31.2109037730,36.0471389550,41.4422126907,47.4484839054,54.1257720763,61.5335597350,69.7281012451,78.7706661477,88.7205674728,99.6359020918,111.5806874672,124.6146296064,138.7871963905,154.1479028148,170.7434838586,188.6082468123,207.7605615781,228.2026795121,249.9225677399,272.8789525303,297.0492372382,322.4735676532,349.1527199645,377.3317651458,406.1206384161,435.6220242646,465.7682419891,496.4833103777,527.6991634092,559.3541396235,591.3904392565,623.7523686546,656.3852821453,689.2350422389,722.2477906428,755.3699275009,788.5482119859,821.7299739914,854.8633908633,887.8978576873,920.7847401573,953.4807367722,985.9431964663,1018.0749978436,1049.7610387033,1080.8934719655,1111.3712256546,1141.0957215353,1169.9678746526,1197.8863710554,1224.7465413299,1250.4397807090,1274.8531137744,1297.8689344929,1319.3648232854,1339.2134790048,1357.2826735517,1373.4353614288,1387.5298251494,1399.4200350686,1408.9560711261,1415.9847706099,1420.3505659634,1421.8965397763,1420.4657190722,1415.9026384177,1408.0551587894,1396.7765810750,1381.9280251996,1363.3810732412,1341.0205642397,1314.7479288208,1284.4842159503,1250.1738880090,1211.7876730894,1169.3284818541,1122.8348777531,1072.3876645804,1018.1201166130,960.2315989585,899.0095898641,834.8433365796,768.0390794959,696.7295422290,611.3395803238,538.5173964804,462.5819521925,384.4644356965,304.9751000493,224.9007112141,145.1632968046,67.5438314907,0.0000000000,0.0000000000
"Interest Rate ",0.0512712722,0.0500427421,0.0489353868,0.0478852674,0.0468764670,0.0459122998,0.0449886319,0.0441042933,0.0432579712,0.0424446492,0.0416630553,0.0409092259,0.0401809763,0.0394798061,0.0388039480,0.0381533339,0.0375295838,0.0369305694,0.0363550462,0.0358055690,0.0352827193,0.0347866968,0.0343205027,0.0338911092,0.0335113920,0.0331395518,0.0327095149,0.0322161404,0.0317285388,0.0314540517,0.0311744387,0.0308463817,0.0304885711,0.0301173676,0.0297429047,0.0293710496,0.0290050860,0.0286467755,0.0282969931,0.0279560987,0.0276241592,0.0273010818,0.0269866790,0.0266807230,0.0263829604,0.0260931307,0.0258109644,0.0255362699,0.0252687078,0.0250064958,0.0247502668,0.0245006768,0.0242578965,0.0240218189,0.0237922288,0.0235688800,0.0233515288,0.0231399504,0.0229339401,0.0227333097,0.0225378908,0.0223475226,0.0221620604,0.0219813614,0.0218052986,0.0216337414,0.0214665732,0.0213036756,0.0211449380,0.0209902526,0.0208395168,0.0206926311,0.0205495030,0.0204100477,0.0202741934,0.0201418676,0.0200130683,0.0198877864,0.0197661651,0.0196482744,0.0195347738,0.0194264415,0.0193247355,0.0192325408,0.0191546265,0.0190994796,0.0190821377,0.0191283174,0.0192846293,0.0127902415,0.0200773677,0.0195212313,0.0191094723,0.0187977650,0.0185561493,0.0183640693,0.0182072847,0.0180839259,0.0179631986,0.0000000000
"Population",7403.0000000000,7853.0908476727,8264.9206603510,8638.9749595589,8976.5569175846,9279.5429846998,9550.1795276372,9790.9199655999,10004.2989762545,10192.8388950882,10358.9829704432,10505.0502888009,10633.2076774518,10745.4545382608,10843.6172481003,10929.3504090389,11004.1428085735,11069.3264428809,11126.0873632638,11175.4774339743,11218.4263481746,11255.7534487625,11288.1790526787,11316.3350906170,11340.7749569950,11361.9825244520,11380.3803185893,11396.3368766186,11410.1733315252,11422.1692739908,11432.5679497313,11441.5808516530,11449.3917654819,11456.1603251381,11462.0251307443,11467.1064782147,11471.5087451911,11475.3224738905,11478.6261873501,11481.4879716884,11483.9668533978,11486.1139973812,11487.9737484300,11489.5845361332,11490.9796607703,11492.1879755794,11493.2344788639,11494.1408277057,11494.9257835520,11495.6055986273,11496.1943509668,11496.7042348559,11497.1458125759,11497.5282325851,11497.8594185907,11498.1462333795,11498.3946207674,11498.6097285807,11498.7960151984,11498.9573418478,11499.0970525550,11499.2180433989,11499.3228224984,11499.4135619699,11499.4921429307,11499.5601944767,11499.6191274409,11499.6701636319,11499.7143611563,11499.7526363497,11499.7857827701,11499.8144876474,11499.8393461290,11499.8608736175,11499.8795164551,11499.8956611769,11499.9096425242,11499.9217503848,11499.9322358023,11499.9413161817,11499.9491797959,11499.9559896903,11499.9618870620,11499.9669941884,11499.9714169616,11499.9752470846,11499.9785639722,11499.9814363976,11499.9839239186,11499.9860781122,11499.9879436442,11499.9895591951,11499.9909582624,11499.9921698549,11499.9932190940,11499.9941277352,11499.9949146185,11499.9955960595,11499.9961861874,11499.9966972382
"TFP",5.1150000000,5.5357142857,5.9788909260,6.4448082613,6.9336925574,7.4457169695,7.9810008155,8.5396091538,9.1215526619,9.7267878050,10.3552172853,11.0066907583,11.6810058031,12.3779091300,13.0970980090,13.8382219009,14.6008842738,15.3846445844,16.1890204062,17.0134896847,17.8574931007,18.7204365230,19.6016935319,20.5006079960,21.4164966848,22.3486519010,23.2963441179,24.2588246049,25.2353280311,26.2250750319,27.2272747272,28.2411271830,29.2658258048,30.3005596550,31.3445156884,32.3968808973,33.4568443635,34.5235992103,35.5963444528,36.6742867432,37.7566420095,38.8426369862,39.9315106367,41.0225154679,42.1149187373,43.2080035549,44.3010698797,45.3934354161,46.4844364090,47.5734283446,48.6597865564,49.7429067422,50.8222053948,51.8971201506,52.9671100593,54.0316557794,55.0902597031,56.1424460150,57.1877606882,58.2257714225,59.2560675276,60.2782597568,61.2919800937,62.2968814960,63.2926376010,64.2789423944,65.2555098482,66.2220735291,67.1783861815,68.1242192879,69.0593626096,69.9836237100,70.8968274647,71.7988155581,72.6894459718,73.5685924645,74.4361440471,75.2920044541,76.1360916132,76.9683371147,77.7886856825,78.5970946475,79.3935334252,80.1779829984,80.9504354064,81.7108932408,82.4593691494,83.1958853497,83.9204731504,84.6331724842,85.3340314503,86.0231058679,86.7004588417,87.3661603381,88.0202867739,88.6629206168,89.2941499979,89.9140683370,90.5227739797,91.1203698470
"Output gross,gross",105.1774219755,125.4708075777,148.0077913264,172.8543697326,200.0908643434,229.7820067537,261.9852209185,296.7595055360,334.1620631223,374.2502826779,417.0827090236,462.7150764440,511.2031708019,562.5985493959,616.9478457754,674.2976342910,734.6892634043,798.1601482960,864.7482261417,934.4842807956,1007.3895915257,1083.4831962305,1162.7749141875,1245.2542102554,1330.8780583996,1419.5458828991,1511.4292755437,1606.9192167781,1706.0609061416,1809.0134418208,1913.0416707863,2020.4288583225,2131.2364653060,2245.2704773124,2362.3534075825,2482.3400584965,2605.1069579068,2730.5431057155,2858.5439088831,2989.0074407909,3121.8322074928,3256.9158837549,3394.1546610253,3533.4429642072,3674.6734408548,3817.7370895019,3962.5235177107,4108.9212812562,4256.8183406746,4406.1041624275,4556.6704977601,4708.3883339114,4861.1325996354,5014.7858892197,5169.2353926105,5324.3708670335,5480.0837010022,5636.2666193822,5792.8137170179,5949.6206218023,6106.5847044040,6263.6053077278,6420.5839289476,6577.4244204442,6734.0331240152,6890.3190339458,7046.1938692473,7201.5722049697,7356.3715141648,7510.5122440364,7663.9178471019,7816.5148046193,7968.2326175925,8119.0037815948,8268.7637028558,8417.4505386903,8565.0048865912,8711.3694581343,8856.4879275283,9000.3036947184,9142.7567136619,9283.7807085743,9423.2929531975,9561.1810132827,9697.2791427431,9831.3232801392,9962.8752261040,10091.1870759285,10214.9576356861,10331.9028713280,10437.9533325976,10618.4928092252,10781.8906041894,10932.5871806841,11073.7261204751,11207.5404486691,11335.6204863121,11459.1010842567,11578.7934310583,11695.3182134171
"Change tfp",0.0760000000,0.0741235533,0.0722934363,0.0705085050,0.0687676438,0.0670697646,0.0654138062,0.0637987336,0.0622235372,0.0606872326,0.0591888595,0.0577274814,0.0563021848,0.0549120789,0.0535562948,0.0522339852,0.0509443235,0.0496865037,0.0484597395,0.0472632643,0.0460963301,0.0449582077,0.0438481856,0.0427655700,0.0417096843,0.0406798686,0.0396754790,0.0386958880,0.0377404831,0.0368086672,0.0358998580,0.0350134874,0.0341490013,0.0333058594,0.0324835348,0.0316815135,0.0308992941,0.0301363878,0.0293923178,0.0286666189,0.0279588375,0.0272685314,0.0265952689,0.0259386294,0.0252982024,0.0246735875,0.0240643945,0.0234702425,0.0228907601,0.0223255852,0.0217743646,0.0212367536,0.0207124163,0.0202010249,0.0197022598,0.0192158093,0.0187413693,0.0182786432,0.0178273419,0.0173871833,0.0169578922,0.0165392003,0.0161308460,0.0157325740,0.0153441354,0.0149652873,0.0145957931,0.0142354216,0.0138839478,0.0135411519,0.0132068197,0.0128807422,0.0125627155,0.0122525410,0.0119500246,0.0116549775,0.0113672151,0.0110865575,0.0108128294,0.0105458597,0.0102854815,0.0100315321,0.0097838527,0.0095422885,0.0093066885,0.0090769056,0.0088527960,0.0086342197,0.0084210400,0.0082131238,0.0080103411,0.0078125650,0.0076196721,0.0074315417,0.0072480563,0.0070691012,0.0068945644,0.0067243370,0.0065583126,0.0063963873
"Capital",223.0000000000,268.8243707215,320.1274265625,377.1285142591,440.1689700457,509.4907178959,585.2901404816,667.7808816151,757.1682034420,853.6639563590,957.4952328216,1068.8759392994,1188.0306351070,1315.1639038325,1450.4569040014,1594.1077316098,1746.2936427972,1907.1833727962,2076.9750411481,2255.8374057372,2443.8921258553,2641.2734294516,2848.0730257995,3064.2490532601,3289.5241067174,3523.1738327710,3766.7579507325,4023.7283211793,4294.7381704336,4581.4554393544,4861.0715020834,5153.1293299826,5458.5489960674,5776.1109450043,6104.7495396847,6443.6896634312,6792.3597735840,7150.3144100311,7517.1824854854,7892.6344897544,8276.3620038977,8668.0651853100,9067.4453188111,9474.2004421586,9888.0232946150,10308.6004716654,10735.6127482095,11168.7361712864,11607.6442793533,12052.0254054015,12501.5882547399,12955.8490687465,13414.3544357424,13876.7146139259,14342.5745877340,14811.5943204364,15283.4389003385,15757.7745847030,16234.2679400445,16712.5862721714,17192.3985909639,17673.3768638359,18155.1969268964,18637.5396723477,19120.0917027252,19602.5463476140,20084.6039074132,20565.9725373079,21046.3683611485,21525.5159820197,22003.1486333828,22479.0083199789,22952.8457079223,23424.4199138729,23893.4977790395,24359.8524561235,24823.2605682754,25283.4992407972,25740.3351546069,26193.5127233522,26642.7234287675,27087.5787486036,27527.5105454437,27961.6412796502,28388.5526975473,28805.8448332588,29209.3934901338,29592.0265002954,29941.1591183463,30234.6709199049,30433.3475534046,31371.2498112249,32157.6462276264,32832.5586746317,33425.3245901326,33957.3008660163,34443.9634931233,34896.4916394315,35322.9431295588,35729.5237159387
"s",0.2614578282,0.2581279709,0.2552621672,0.2528887479,0.2508873493,0.2491884843,0.2477624991,0.2465719179,0.2455896509,0.2447953047,0.2441629115,0.2436766479,0.2433155228,0.2430600199,0.2429010106,0.2428235327,0.2428159199,0.2428737507,0.2429846940,0.2431340601,0.2433145313,0.2435115755,0.2436981504,0.2438311685,0.2438363455,0.2439260077,0.2443384340,0.2449166810,0.2457917702,0.2448858092,0.2450443717,0.2452867503,0.2454988546,0.2456826662,0.2458479218,0.2460013640,0.2461470382,0.2462872925,0.2464234687,0.2465563199,0.2466862648,0.2468135376,0.2469382663,0.2470605399,0.2471804331,0.2472980417,0.2474135068,0.2475270612,0.2476395318,0.2477521548,0.2478601859,0.2479637906,0.2480640905,0.2481617535,0.2482571146,0.2483503305,0.2484414741,0.2485305861,0.2486176946,0.2487028246,0.2487860062,0.2488672661,0.2489466388,0.2490241544,0.2490998517,0.2491737594,0.2492459154,0.2493163485,0.2493850896,0.2494521646,0.2495175943,0.2495813893,0.2496435469,0.2497040378,0.2497627871,0.2498196348,0.2498743216,0.2499262933,0.2499746363,0.2500176093,0.2500525964,0.2500744333,0.2500743474,0.2500373021,0.2499367117,0.2497264738,0.2493262049,0.2485950277,0.2472869860,0.2449661981,0.2582781457,0.2582781457,0.2582781457,0.2582781457,0.2582781457,0.2582781457,0.2582781457,0.2582781457,0.2582781457,0.2582781457
"I",27.4290201443,32.2778647790,37.6192940296,43.4956707322,49.9150685547,56.8881932943,64.4345813124,72.5700541314,81.3127407817,90.6830406462,100.6969158541,111.3740163420,122.7287388216,134.7731540855,147.5254868732,160.9977936718,175.2028879322,190.1604662691,205.8808827379,222.3685392283,239.6359136111,257.6854956885,276.4980824511,296.0231366516,316.1485485991,337.2718068439,359.8990837702,383.7533668121,409.0910994190,431.1535759398,456.5430437435,483.1355316012,510.5784696633,538.8027575538,567.7792215486,597.4850928449,627.8987774655,658.9986659012,690.7626807800,723.1680528085,756.1912371257,789.8079015075,823.9929311708,858.7205351049,893.9643192856,929.6974511392,965.8928399192,1002.5234515141,1039.5655069772,1076.9975546209,1114.7572440410,1152.8110238276,1191.1344926329,1229.7026750714,1268.4894904251,1307.4681140128,1346.6113496884,1385.8919251046,1425.2826792509,1464.7567046219,1504.2874839715,1543.8489245140,1583.4154877969,1622.9621803201,1662.4646796144,1701.8992629221,1741.2429552039,1780.4734475187,1819.5691856890,1858.5093402320,1897.2738166905,1935.8432170116,1974.1988103604,2012.3224128193,2050.1961905157,2087.8022582918,2125.1224215673,2162.1363375817,2198.8204435817,2235.1432201510,2271.0633982301,2306.5132340362,2341.3843155342,2375.4966276653,2408.5376701768,2439.9660349086,2468.8343476613,2493.4726780374,2510.9431744225,2516.0153443820,2680.1324828830,2726.6473853192,2768.7580307361,2807.6054036699,2843.9961897578,2878.5033809499,2911.5351272754,2943.3827562782,2974.3358054731,3004.3855042584
"Y gross net",104.9088644518,125.0905051906,147.4406647693,172.0895441559,199.0868178923,228.4770299029,260.3142725237,294.6471104439,331.5267838691,371.0077068729,413.1375121107,457.9676496157,505.5410012151,555.8956158598,609.0777421994,665.1255331022,724.0785063281,785.9872861717,850.8911433839,918.8227337214,989.8312407435,1063.9619765630,1141.2451308298,1221.6962021510,1305.3034839380,1392.0032630675,1482.0032020386,1575.6487456988,1672.8813226615,1773.8464221231,1875.8625288469,1981.9828687256,2091.6183953103,2204.5018104816,2320.4551773687,2439.3401417304,2561.0394845378,2685.4472662626,2812.4629539790,2941.9878815580,3073.9231594289,3208.1685099400,3344.6216857875,3483.1782390650,3623.7315505673,3766.1729909946,3910.3922067734,4056.2774839607,4203.7198733848,4352.6108664011,4502.7826659565,4654.1033993286,4806.4594896613,4959.7416182281,5113.8414239009,5268.6506963723,5424.0613523000,5579.9657179307,5736.2569199130,5892.8292705548,6049.5786179343,6206.4026660031,6363.2012172745,6519.8764152828,6676.3329088315,6832.4780368892,6988.2219179596,7143.4775940537,7298.1610830222,7452.1914623516,7605.4909062857,7757.9847135030,7909.6013010615,8060.2721808868,8209.9318767011,8358.5177646908,8505.9697628340,8652.2300041346,8797.2416891365,8940.9478523390,9083.2882052256,9224.1963628287,9363.5896788491,9501.3560582573,9637.3304816019,9771.2502508640,9902.6795850449,10030.8747999150,10154.5420624212,10271.4101847812,10377.4324179441,10557.5005488703,10720.5170996980,10870.8999774803,11011.7726371665,11145.3536457683,11273.2232891300,11396.5095108189,11516.0181186223,11632.3643877068
"damages",0.2685575236,0.3803023871,0.5671265571,0.7648255767,1.0040464511,1.3049768508,1.6709483948,2.1123950921,2.6352792533,3.2425758050,3.9451969129,4.7474268283,5.6621695868,6.7029335361,7.8701035760,9.1721011888,10.6107570762,12.1728621243,13.8570827578,15.6615470741,17.5583507822,19.5212196676,21.5297833577,23.5580081044,25.5745744616,27.5426198316,29.4260735052,31.2704710793,33.1795834801,35.1670196977,37.1791419394,38.4459895969,39.6180699957,40.7686668308,41.8982302138,42.9999167661,44.0674733690,45.0958394529,46.0809549041,47.0195592329,47.9090480639,48.7473738148,49.5329752378,50.2647251422,50.9418902875,51.5640985073,52.1313109372,52.6437972955,53.0984672898,53.4932960264,53.8878318035,54.2849345828,54.6731099741,55.0442709916,55.3939687096,55.7201706612,56.0223487023,56.3009014515,56.5567971049,56.7913512476,57.0060864697,57.2026417247,57.3827116731,57.5480051613,57.7002151837,57.8409970566,57.9719512877,58.0946109160,58.2104311426,58.3207816847,58.4269408163,58.5300911163,58.6313165309,58.7316007080,58.8318261547,58.9327739995,59.0351237572,59.1394539997,59.2462383918,59.3558423794,59.4685084363,59.5843457457,59.7032743484,59.8249550253,59.9486611412,60.0730292753,60.1956410591,60.3122760135,60.4155732649,60.4926865469,60.5209146536,60.9922603550,61.3735044914,61.6872032038,61.9534833086,62.1868029007,62.3971971820,62.5915734378,62.7753124359,62.9538257103
"damfrac",0.0025533762,0.0030310029,0.0038317345,0.0044246818,0.0050179525,0.0056791951,0.0063780254,0.0071182053,0.0078862311,0.0086641907,0.0094590277,0.0102599355,0.0110761629,0.0119142389,0.0127565136,0.0136024520,0.0144425101,0.0152511525,0.0160244130,0.0167595618,0.0174295535,0.0180170950,0.0185158650,0.0189182320,0.0192163169,0.0194024161,0.0194690377,0.0194598899,0.0194480650,0.0194398886,0.0194345698,0.0190286282,0.0185892418,0.0181575749,0.0177358011,0.0173223312,0.0169158020,0.0165153370,0.0161204293,0.0157308271,0.0153464520,0.0149673420,0.0145936117,0.0142254242,0.0138629707,0.0135064561,0.0131560887,0.0128120725,0.0124737452,0.0121407243,0.0118261419,0.0115294089,0.0112469900,0.0109763950,0.0107160856,0.0104651182,0.0102229002,0.0099890416,0.0097632687,0.0095453735,0.0093351831,0.0091325425,0.0089373042,0.0087493221,0.0085684484,0.0083945310,0.0082274136,0.0080669345,0.0079129270,0.0077652202,0.0076236387,0.0074880036,0.0073581331,0.0072338433,0.0071149483,0.0070012617,0.0068925966,0.0067887666,0.0066895861,0.0065948711,0.0065044396,0.0064181121,0.0063357124,0.0062570675,0.0061820084,0.0061103707,0.0060419949,0.0059767276,0.0059144223,0.0058549415,0.0057981592,0.0057439659,0.0056922767,0.0056425073,0.0055946375,0.0055486575,0.0055045242,0.0054621713,0.0054215763,0.0053828228
"abatement",0.0008556420,0.0445263906,0.0655388578,0.0942652033,0.1327108010,0.1832006094,0.2483563598,0.3311366784,0.4348975709,0.5633442239,0.7205924429,0.9110654602,1.1394019111,1.4105378651,1.7295615062,2.1016825927,2.5323737789,3.0271445119,3.5913430892,4.2304335764,4.9500159864,5.7556256649,6.6526768598,7.6465852397,8.7430884758,9.3224655853,9.0499794499,8.7756148868,8.5005378746,13.2153042371,12.7589587660,12.3064349214,11.8593251708,11.4176753398,10.9818350438,10.5524179800,10.1301499041,9.7157694806,9.3099734641,8.9133888678,8.5265606615,8.1499482734,7.7839269597,7.4287917523,7.0847628015,6.7519912623,6.4305654015,6.1205166365,5.8218254456,5.5344289620,5.2582256685,4.9930545016,4.7387324523,4.4950592509,4.2618152205,4.0387617124,3.8256431933,3.6221899696,3.4281210093,3.2431466069,3.0669708118,2.8992936089,2.7398128337,2.5882258802,2.4442311792,2.3075295097,2.1778251124,2.0548266773,1.9382481659,1.8278095233,1.7232372656,1.6242649659,1.5306336426,1.4420920646,1.3583969740,1.2793132354,1.2046139133,1.1340803086,1.0675018604,1.0046760479,0.9454080980,0.8895108146,0.8368037881,0.7871126662,0.7402679656,0.6961029448,0.6544505162,0.6151381532,0.5779794239,0.5427603407,0.5092149868,0.4811851983,0.4539550530,0.4277735277,0.4027742582,0.3790169624,0.3565142945,0.3352493316,0.0000000000,0.0000000000
"sigma",0.3503200274,0.3246822788,0.3010349411,0.2792152334,0.2590743238,0.2404760815,0.2232959463,0.2074199022,0.1927435454,0.1791712386,0.1666153423,0.1549955162,0.1442380842,0.1342754572,0.1250456074,0.1164915899,0.1085611080,0.1012061158,0.0943824573,0.0880495373,0.0821700206,0.0767095582,0.0716365379,0.0669218555,0.0625387068,0.0584623973,0.0546701686,0.0511410389,0.0478556582,0.0447961753,0.0419461158,0.0392902714,0.0368145974,0.0345061197,0.0323528491,0.0303437030,0.0284684333,0.0267175606,0.0250823138,0.0235545746,0.0221268260,0.0207921062,0.0195439653,0.0183764257,0.0172839457,0.0162613863,0.0153039805,0.0144073047,0.0135672531,0.0127800133,0.0120420446,0.0113500572,0.0107009941,0.0100920133,0.0095204720,0.0089839120,0.0084800460,0.0080067454,0.0075620281,0.0071440486,0.0067510875,0.0063815426,0.0060339209,0.0057068300,0.0053989716,0.0051091344,0.0048361882,0.0045790780,0.0043368188,0.0041084907,0.0038932344,0.0036902469,0.0034987776,0.0033181248,0.0031476322,0.0029866860,0.0028347116,0.0026911716,0.0025555625,0.0024274129,0.0023062815,0.0021917545,0.0020834442,0.0019809872,0.0018840428,0.0017922912,0.0017054327,0.0016231859,0.0015452866,0.0014714869,0.0014015540,0.0013352690,0.0012724265,0.0012128333,0.0011563078,0.0011026794,0.0010517874,0.0010034808,0.0009576175,0.0009140636
"Forcings",2.8583131703,3.2332559127,3.4376095240,3.6387655881,3.8539593986,4.0641584559,4.2730581999,4.4755093790,4.6666893474,4.8512794812,5.0263074851,5.1962829018,5.3633845139,5.5225416189,5.6751245927,5.8192402262,5.9492923981,6.0664455313,6.1712826756,6.2581900806,6.3251237664,6.3724034304,6.3995180535,6.4057959359,6.3904565836,6.3525810798,6.3030838569,6.2579651599,6.2163691947,6.1777532845,6.0464899241,5.9218341923,5.8025019822,5.6875946160,5.5764709691,5.4686641860,5.3638281269,5.2617021903,5.1620875953,5.0648309981,4.9698129347,4.8769395190,4.7861363818,4.6973441802,4.6105152265,4.5256109196,4.4425997600,4.3612040642,4.2812601331,4.2066759186,4.1367978871,4.0705682402,4.0073433222,3.9467267068,3.8884689218,3.8324081670,3.7784350731,3.7264716705,3.6764587647,3.6283482957,3.5820986636,3.5376718301,3.4950314968,3.4541419440,3.4149672852,3.3774709882,3.3416155743,3.3073624410,3.2746717719,3.2435025123,3.2138123944,3.1855580004,3.1586948562,3.1331775477,3.1089598563,3.0859949057,3.0642353208,3.0436333913,3.0241412396,3.0057109928,2.9882949544,2.9718457826,2.9563166649,2.9416615168,2.9278351994,2.9147937792,2.9024948763,2.8908981543,2.8799660625,2.8696650228,2.8599673688,2.8508546714,2.8420884784,2.8337047735,2.8257126914,2.8181055074,2.8108674878,2.8040032689,2.7975620406,2.9174578694
"Other Forcings",0.6193297029,0.7182400000,0.7326061887,0.7356755296,0.7485843154,0.7541285466,0.7576965506,0.7558343382,0.7453837737,0.7326485103,0.7162104049,0.7020510283,0.6937308677,0.6874571277,0.6857843962,0.6879150138,0.6892630902,0.6919391303,0.6974185477,0.7009308353,0.7012510276,0.6995185786,0.6960574182,0.6910644414,0.6846873614,0.6770288608,0.6681614682,0.6581650715,0.6475420585,0.6366913061,0.6256527569,0.6144460798,0.6030867377,0.5915878813,0.5799608834,0.5682156397,0.5563607935,0.5444039149,0.5323516468,0.5202098264,0.5079835862,0.4956774392,0.4832953503,0.4708407971,0.4583168212,0.4457260712,0.4330708398,0.4201013676,0.4066772866,0.3967263120,0.3896120132,0.3842920810,0.3801366488,0.3767620119,0.3739310430,0.3714944433,0.3693559226,0.3674515121,0.3657372305,0.3641816882,0.3627616172,0.3614591377,0.3602600629,0.3591528264,0.3581277890,0.3571767757,0.3562927589,0.3554696334,0.3547020505,0.3539852930,0.3533151776,0.3526879768,0.3521003563,0.3515493215,0.3510321750,0.3505464786,0.3500900223,0.3496607973,0.3492569730,0.3488768767,0.3485189763,0.3481818653,0.3478642498,0.3475649366,0.3472828234,0.3470168899,0.3467661899,0.3465298442,0.3463070352,0.3460970005,0.3458990287,0.3457124551,0.3455366575,0.3453710530,0.3452150947,0.3450682693,0.3449300939,0.3448252663,0.3448252663,0.3448252663
"Period utilty",0.4497405237,0.4907019962,0.5282334030,0.5627603800,0.5945948539,0.6239991530,0.6512100199,0.6764354262,0.6998606683,0.7216510259,0.7419515281,0.7608921328,0.7785876904,0.7951409244,0.8106460854,0.8251878309,0.8388432627,0.8516836332,0.8637728684,0.8751688260,0.8859258393,0.8960940244,0.9057194907,0.9148460118,0.9235169637,0.9317778037,0.9396524475,0.9471359346,0.9542225808,0.9609351635,0.9673744151,0.9735503793,0.9794568415,0.9850953067,0.9904732867,0.9956014773,1.0004919559,1.0051571611,1.0096093409,1.0138602710,1.0179211226,1.0218024151,1.0255140152,1.0290651570,1.0324644759,1.0357200448,1.0388394120,1.0418296364,1.0446973418,1.0474487083,1.0500891261,1.0526238713,1.0550581172,1.0573968190,1.0596446589,1.0618060375,1.0638850845,1.0658856760,1.0678114548,1.0696658493,1.0714520901,1.0731732262,1.0748321374,1.0764315475,1.0779740341,1.0794620393,1.0808978777,1.0822837451,1.0836217258,1.0849137993,1.0861618469,1.0873676577,1.0885329341,1.0896592978,1.0907482951,1.0918014035,1.0928200348,1.0938055524,1.0947592722,1.0956824944,1.0965764911,1.0974426195,1.0982823426,1.0990973539,1.0998898371,1.1006628005,1.1014207369,1.1021707776,1.1029245500,1.1037017987,1.1033002907,1.1042175345,1.1050285745,1.1057610618,1.1064340209,1.1070607143,1.1076504910,1.1082100109,1.1087454660,1.1092576206
"Consumption",77.4789886655,92.7681140210,109.7558318819,128.4996082204,149.0390385366,171.4056359993,195.6313348515,221.7459196341,249.7791455165,279.7613220027,311.7200038137,345.6825678135,381.6728604824,419.7119239093,459.8226938200,502.0260568377,546.3432446170,592.7996753907,641.4189175567,692.2237609167,745.2453111460,800.5208552096,858.0943715189,918.0264802597,980.4118468631,1045.4089906382,1113.0541388184,1183.1197639999,1255.2896853679,1329.4775419462,1406.5605263374,1486.5409022030,1569.1806004762,1654.2813775880,1741.6941207764,1831.3026309054,1923.0105571682,2016.7328308808,2112.3902997349,2209.9064398817,2309.2053616416,2410.2106601592,2512.8448276571,2617.0289122078,2722.6824684801,2829.7235485931,2938.0688014527,3047.6335158101,3158.3325409620,3270.0788828182,3382.7671962470,3496.2993209994,3610.5862645762,3725.5438839058,3841.0901182553,3957.1438206472,4073.6243594183,4190.4516028564,4307.5461196528,4424.8294193260,4542.2241631509,4659.6544478802,4777.0459166439,4894.3260090826,5011.4239980379,5128.2712444574,5244.8011376433,5360.9493198577,5476.6536491673,5591.8543125963,5706.4938523295,5820.5172315255,5933.8718570586,6046.5076760029,6158.3772892114,6269.4361931636,6379.6427273534,6488.9595862443,6597.3537436945,6704.7999561401,6811.2793988974,6916.7936179779,7021.3685595267,7125.0723179258,7228.0525434594,7330.5881130106,7433.1907868675,7536.7869837244,7643.0209085748,7754.8520800584,7696.7907200742,7830.3719783527,7951.3051139088,8062.8668002827,8167.3736731505,8266.4712478561,8361.3316475602,8452.7915052091,8541.6823131535,8627.9788840241
"Land emissions",4.1400000000,3.6639000000,3.2425515000,2.8696580775,2.5396473986,2.2475879477,1.9891153338,1.7603670704,1.5579248573,1.3787634987,1.2202056963,1.0798820413,0.9556956065,0.8457906118,0.7485246914,0.6624443519,0.5862632514,0.5188429775,0.4591760351,0.4063707911,0.3596381501,0.3182797628,0.2816775901,0.2492846672,0.2206169305,0.1952459835,0.1727926954,0.1529215354,0.1353355589,0.1197719696,0.1059981931,0.0938084009,0.0830204348,0.0734730848,0.0650236800,0.0575459568,0.0509281718,0.0450714320,0.0398882174,0.0353010724,0.0312414490,0.0276486824,0.0244690839,0.0216551393,0.0191647983,0.0169608465,0.0150103491,0.0132841590,0.0117564807,0.0104044854,0.0092079696,0.0081490531,0.0072119120,0.0063825421,0.0056485498,0.0049989665,0.0044240854,0.0039153156,0.0034650543,0.0030665730,0.0027139171,0.0024018167,0.0021256077,0.0018811629,0.0016648291,0.0014733738,0.0013039358,0.0011539832,0.0010212751,0.0009038285,0.0007998882,0.0007079011,0.0006264924,0.0005544458,0.0004906845,0.0004342558,0.0003843164,0.0003401200,0.0003010062,0.0002663905,0.0002357556,0.0002086437,0.0001846497,0.0001634150,0.0001446222,0.0001279907,0.0001132718,0.0001002455,0.0000887173,0.0000785148,0.0000694856,0.0000614947,0.0000544228,0.0000481642,0.0000426253,0.0000377234,0.0000333852,0.0000295459,0.0000261481,0.0000231411
"Cumulative ind emissions",420.4902535000,469.2626124300,517.4467949221,569.0767487703,623.7504057924,681.0250827532,740.4211132231,801.4299360241,863.5226932392,926.1557830931,988.7778274452,1050.8346967258,1111.7750523297,1171.0564845172,1228.1483345101,1282.5356213413,1333.7226861222,1381.2338189343,1424.6158954527,1463.4419579209,1497.3108025105,1525.8463360577,1548.6986957280,1565.5447668626,1576.0872785523,1580.0522312819,1580.0522312819,1580.0522312819,1580.0522312819,1580.0522312819,1557.9351779984,1536.0343408069,1514.3686207902,1492.9546981925,1471.8096185406,1450.9502125970,1430.3925189654,1410.1514399321,1390.2405635989,1370.6720877622,1351.4568042974,1332.6041192630,1314.1220938760,1296.0174975247,1278.2958676083,1260.9615728322,1244.0178780766,1227.4670094609,1211.3102187740,1195.5478465086,1180.1793776338,1165.2034963143,1150.6182133300,1136.4209013244,1122.6083233588,1109.1766747312,1096.1216313044,1083.4383992974,1071.1217639816,1059.1661361617,1047.5655960792,1036.3139346695,1025.4046922044,1014.8311944816,1004.5865865986,994.6638644913,985.0559042547,975.7554894462,966.7553363425,958.0481173390,949.6264825040,941.4830794096,933.6105713092,926.0016537588,918.6490697586,911.5456235265,904.6841930160,898.0577413331,891.6593270732,885.4821141718,879.5193811827,873.7645310818,868.2111009191,862.8527752706,857.6834036783,852.6970257537,847.8879115515,843.2506262258,838.7801370009,834.4719936068,830.3226322022,826.3299042713,822.4602141856,818.7159010273,815.0970675516,811.6023523866,808.2294473876,804.9754455467,801.8370754894,816.9681547510
"Cumulative total emissions",606.7902535000,661.2121757488,714.3962217780,770.4510548565,829.0407299975,889.7810829935,952.2442367545,1015.9674636682,1080.4624685230,1145.2215475381,1209.7250922978,1273.4470894391,1335.8610831997,1396.4466851560,1454.6927253942,1510.1014705925,1562.1925260283,1610.5036905700,1654.5937951690,1694.0464624886,1728.4698523717,1757.4961585036,1780.7828519114,1798.0133084037,1808.8960011350,1813.1620140864,1813.4284523826,1813.6642502748,1813.8729314094,1814.0576142135,1792.1040052117,1770.3478162094,1748.8101098402,1727.5094793205,1706.4646631577,1685.6939904019,1665.2148256415,1645.0432446592,1625.1938741012,1605.6798308755,1586.5127202715,1567.7026682188,1549.2583730207,1531.1871678866,1513.4950891973,1496.1869472572,1479.2663977615,1462.7360127008,1446.5973499601,1430.8510209271,1415.4967503130,1400.5334344542,1385.9592719025,1371.7718014799,1357.9679333152,1344.5439928613,1331.4957711684,1318.8185763958,1306.5072840325,1294.5563847255,1282.9600293769,1271.7120714568,1260.8061065799,1250.2355095227,1239.9934687288,1230.0730184952,1220.4670688670,1211.1684334468,1202.1698551018,1193.4640297598,1185.0436283151,1176.9013167713,1169.0297746930,1161.4217120723,1154.0698846848,1146.9671080550,1140.1062701425,1133.4803429088,1127.0823927865,1120.9055906468,1114.9432211819,1109.1886927999,1103.6355473583,1098.2774736881,1093.1083250966,1088.1221445277,1083.3132049852,1078.6760742334,1074.2057218064,1069.8976994785,1065.7484452174,1061.7558121086,1057.8862059404,1054.1419670490,1050.5231992996,1047.0285423024,1043.6556887818,1040.4017324994,1037.2634027612,1052.3945177054
"Atmospheric concentrations Gt",849.6612748845,888.5819366980,916.4012077124,946.3342807693,977.9110225479,1010.9300516900,1045.1787559364,1080.4092130502,1116.3411310953,1152.6625853482,1189.0348122479,1225.0965445748,1260.4686961208,1294.7614665693,1327.5777633803,1358.5182379768,1387.1872462416,1413.1951639426,1436.1630714392,1455.7288979535,1471.5488092078,1483.2982793828,1490.6755545514,1493.4042148066,1491.2340541076,1483.9404011754,1474.1895434858,1465.8121004332,1458.4638799112,1451.9080144208,1423.8590921700,1397.8880814351,1373.6107823228,1350.7551277813,1329.1231501554,1308.5667707852,1288.9724049966,1270.2509280645,1252.3309532263,1235.1542149925,1218.6723288101,1202.8444732856,1187.6357042056,1173.0157092927,1158.9578753306,1145.4385793843,1132.4366427398,1119.9329039330,1107.9098797314,1096.3514943403,1085.2428478887,1074.5699763724,1064.3198219330,1054.4800825811,1045.0390612570,1035.9855494080,1027.3087356306,1018.9981312122,1011.0435078975,1003.4348453620,996.1622870417,989.2161034793,982.5866625417,976.2644060417,970.2398321734,964.5034833180,959.0459386023,953.8578107835,948.9297468004,944.2524315764,939.8165944953,935.6130181155,931.6325486664,927.8661079376,924.3047061828,920.9394557412,917.7615851101,914.7624532785,911.9335640293,909.2665805273,906.7533398058,904.3858680084,902.1563953841,900.0573747973,898.0815033494,896.2217503043,894.4713981316,892.8241042158,891.2739991177,889.8158488412,888.4453247350,887.1594718767,885.9237397498,884.7431734546,883.6189450083,882.5499540959,881.5338221323,880.5675030482,879.6476540373,896.9281521006
"Total Emissions GTCO2 per year",39.8803846239,38.9732689303,41.0769816799,42.9345139433,44.5105306754,45.7729990761,46.6963806824,47.2619395576,47.4554531022,47.2681975999,46.6954795051,45.7369746278,44.3971291136,42.6826982866,40.6035284813,38.1723254234,35.4024213761,32.3092286502,28.9109146118,25.2254601063,21.2704771335,17.0644889292,12.6264785176,7.9748372334,3.1261342908,0.1952459835,0.1727926954,0.1529215354,0.1353355589,-16.0876046766,-15.9429353008,-15.7828312274,-15.6091020448,-15.4216412841,-15.2207489955,-15.0071319364,-14.7817345439,-14.5456187449,-14.2998908758,-14.0456586506,-13.7840061442,-13.5159795212,-13.2425791223,-12.9647552635,-12.6834064137,-12.3993786705,-12.1134661724,-11.8264120564,-11.5389099154,-11.2516095060,-10.9651178613,-10.6799463179,-10.3965783257,-10.1154745911,-9.8370635646,-9.5617368566,-9.2898483294,-9.0217150439,-8.7576190121,-8.4978091994,-8.2425035639,-7.9918910618,-7.7461335235,-7.5053674938,-7.2697059312,-7.0392398876,-6.8140400359,-6.5941582112,-6.3796288107,-6.1704701786,-5.9666858994,-5.7682660349,-5.5751882885,-5.3874191095,-5.2049147144,-5.0276220223,-4.8554794768,-4.6884178496,-4.5263606080,-4.3692243439,-4.2169183983,-4.0693449796,-3.9263963856,-3.7879520879,-3.6538731209,-3.5239908967,-3.3980894149,-3.2758742585,-3.1569187619,-3.0405735225,-2.9258015422,-2.8356474001,-2.7437782596,-2.6518330068,-2.5608846475,-2.4716270599,-2.3844991638,-2.2997680321,11.0880810311,10.6902883743
"Atmospheric fraction since 1850",0.4265469300,0.4503020249,0.4557197291,0.4614148082,0.4668941506,0.4721310721,0.4771275932,0.4818780871,0.4863698567,0.4905826575,0.4944909062,0.4980652865,0.5012736350,0.5040827688,0.5064581650,0.5083641714,0.5097646275,0.5106218717,0.5108965831,0.5105480647,0.5095327830,0.5078028307,0.5053051800,0.5019804111,0.4977606775,0.4925669296,0.4871175299,0.4824351283,0.4783285035,0.4746658830,0.4648292368,0.4558716197,0.4476037866,0.4398924474,0.4326408926,0.4257771694,0.4192465976,0.4130068770,0.4070247917,0.4012739324,0.3957330854,0.3903850715,0.3852158940,0.3802141021,0.3753703096,0.3706768231,0.3661273510,0.3617167720,0.3574409456,0.3532965570,0.3492809805,0.3453921266,0.3416284132,0.3379886706,0.3344720409,0.3310778946,0.3278057580,0.3246552512,0.3216260315,0.3187177439,0.3159299765,0.3132622213,0.3107138405,0.3082840377,0.3059718351,0.3037760545,0.3016953041,0.2997279699,0.2978722102,0.2961259558,0.2944869126,0.2929525680,0.2915201999,0.2901868885,0.2889495303,0.2878048537,0.2867494361,0.2857797228,0.2848920461,0.2840826454,0.2833476887,0.2826832936,0.2820855500,0.2815505436,0.2810743832,0.2806532307,0.2802833397,0.2799611082,0.2796831538,0.2794464311,0.2792484202,0.2790874450,0.2789401951,0.2788110402,0.2787013082,0.2786105510,0.2785373282,0.2784796862,0.2784354468,0.2908523295
"Atmospheric fraction since 2010",0.0000000000,0.7151650117,0.6202251389,0.5906912295,0.5770504699,0.5698727814,0.5659725604,0.5639315358,0.5630050531,0.5627483176,0.5628693350,0.5631612005,0.5634670856,0.5636630922,0.5636455827,0.5633240768,0.5626174243,0.5614489780,0.5597440433,0.5574285182,0.5544252828,0.5506506886,0.5460121938,0.5404050332,0.5337074339,0.5257741782,0.5175770699,0.5105345066,0.5043586584,0.4988511693,0.4844268546,0.4711643149,0.4587919378,0.4471180978,0.4360034813,0.4253442415,0.4150613445,0.4050936070,0.3953930114,0.3859214722,0.3766485537,0.3675498301,0.3586056852,0.3498004222,0.3411215920,0.3325594791,0.3241067008,0.3157578888,0.3075094303,0.2993592538,0.2913066372,0.2833519759,0.2754967654,0.2677434581,0.2600952997,0.2525561879,0.2451305447,0.2378231996,0.2306392780,0.2235840953,0.2166630560,0.2098815571,0.2032448984,0.1967581982,0.1904263157,0.1842537818,0.1782447360,0.1724028723,0.1667313928,0.1612329695,0.1559097136,0.1507631535,0.1457942198,0.1410032382,0.1363899288,0.1319534129,0.1276922253,0.1236043329,0.1196871589,0.1159376120,0.1123521212,0.1089266760,0.1056568716,0.1025379640,0.0995649356,0.0967325775,0.0940356014,0.0914687972,0.0890272705,0.0867068181,0.0845045359,0.0824198568,0.0803874738,0.0784212885,0.0765272664,0.0747065380,0.0729573547,0.0712763129,0.0696591146,0.1060736621
"alpha",0.5200422916,0.5520009870,0.6085150758,0.6724251089,0.7455119337,0.8287979292,0.9231061381,1.0292306001,1.1478437973,1.2794761321,1.4245204514,1.5831340113,1.7552636281,1.9405799280,2.1384097443,2.3477918070,2.5674112191,2.7955726799,3.0302851731,3.2692249147,3.5096815703,3.7486665858,3.9829468742,4.2090443314,4.4232789178,4.6218148720,4.8007089754,4.9598069115,5.1037146953,5.2356053979,5.3578114743,5.4423191868,5.4972097030,5.5278180626,5.5382864616,5.5319781189,5.5116766718,5.4797146636,5.4380644597,5.3884051376,5.3321730179,5.2706007127,5.2047479426,5.1355263374,5.0637197651,4.9900012774,4.9149474504,4.8390506833,4.7627260222,4.6863256317,4.6102060485,4.5346142719,4.4597418295,4.3857483399,4.3127663150,4.2409041371,4.1702489631,4.1008695618,4.0328189780,3.9661369575,3.9008521072,3.8369837870,3.7745437449,3.7135375140,3.6539655928,3.5958244329,3.5391072568,3.4838047287,3.4299054981,3.3773966357,3.3262639783,3.2764923989,3.2280660137,3.1809683382,3.1351824038,3.0906908399,3.0474759334,3.0055196667,2.9648037435,2.9253096033,2.8870184309,2.8499111624,2.8139684910,2.7791708756,2.7454985569,2.7129315853,2.6814498680,2.6510332477,2.6216616340,2.5933152182,2.5659748323,2.5396225446,2.5142426737,2.4897839744,2.4662144638,2.4435109667,2.4216541939,2.4006262206,2.3804094590,2.3609862117
"IIRF",44.8932997529,45.5739450849,46.6863545429,47.8261223663,49.0036812989,50.2123377172,51.4422514705,52.6842026189,53.9290194677,55.1680365141,56.3935753748,57.5984196439,58.7763463885,59.9218061860,61.0296931541,62.0957780241,63.1163272900,64.0879853706,65.0080681559,65.8742427853,66.6842238181,67.4360290312,68.1278823614,68.7580149738,69.3246018659,69.8256867458,70.2590942393,70.6311822582,70.9576042061,71.2487839800,71.5121085897,71.6907127807,71.8052423916,71.8686114018,71.8902038096,71.8771969406,71.8352374597,71.7688634496,71.6817870666,71.5770905057,71.4573652768,71.3248132883,71.1813216057,71.0285187256,70.8678176641,70.7004495141,70.5274900355,70.3498810970,70.1684390756,69.9838813349,69.7969850800,69.6083055817,69.4182951699,69.2273550544,69.0358428542,68.8440760088,68.6523354041,68.4608692850,68.2698971972,68.0796137756,67.8901922713,67.7017877644,67.5145400386,67.3285761154,67.1440124575,66.9609568572,66.7795100323,66.5997669515,66.4218179168,66.2457494257,66.0716448390,65.8995848781,65.7296479732,65.5619104848,65.3964468163,65.2333294372,65.0726288310,64.9144133851,64.7587492339,64.6057000687,64.4553269267,64.3076879695,64.1628382658,64.0208295855,63.8817102326,63.7455249374,63.6123148424,63.4821176491,63.3549680177,63.2308983870,63.1099404957,62.9921280797,62.8775016279,62.7659354262,62.6573833528,62.5518343601,62.4492911716,62.3497590749,62.2532412250,62.1597365090
"cbox1",127.0773244549,138.9032069377,150.4600988817,162.6408128734,175.3723480721,188.5712256020,202.1444677766,215.9915238901,230.0062873957,244.0784342638,258.0950535862,271.9418426591,285.5044026445,298.6696531363,311.3265169105,323.3668365142,334.6862221717,345.1842375748,354.7650166868,363.3380807100,370.8182827759,377.1256985701,382.1858965446,385.9300742606,388.2948829326,389.2218871080,389.2797837287,389.3310222053,389.3763682233,389.4164994152,384.6459798072,379.9183595781,375.2382156350,370.6095882818,366.0365493944,361.5230818741,357.0729590449,352.6896741735,348.3764056294,344.1360037162,339.9709902626,335.8835656328,331.8756199676,327.9487467731,324.1042577546,320.3431981910,316.6663624646,313.0743094688,309.5673777317,306.1457001079,302.8092167768,299.5576879123,296.3907220595,293.3077844044,290.3082035178,287.3911809206,284.5558020079,281.8010472426,279.1258030685,276.5288723030,274.0089839372,271.5648023299,269.1949358083,266.8979447111,264.6723488873,262.5166346893,260.4292614701,258.4086676254,256.4532761801,254.5614999594,252.7317463487,250.9624216703,249.2519351937,247.5987028001,246.0011503197,244.4577165657,242.9668560918,241.5270417053,240.1367667419,238.7945472320,237.4989239391,236.2484645104,235.0417655914,233.8774557653,232.7541993556,231.6707018940,230.6257189045,229.6180699621,228.6466619466,227.7105282587,226.8088948687,225.9412952522,225.1004293871,224.2868058283,223.5004471459,222.7410577273,222.0081362015,221.3010510430,220.6190915300,223.9070823439
"cbox2",90.6735048853,100.6803202635,110.3076304936,120.5895948677,131.4614586013,142.8506862187,154.6739823688,166.8382888719,179.2427540586,191.7800139828,204.3379693936,216.8012639111,229.0528212816,240.9756098959,252.4536004567,263.3729250454,273.6230066799,283.0969291883,291.6922188515,299.3118434400,305.8642511287,311.2633101469,315.4286568936,318.2858844805,319.7663847044,319.8068066822,318.9904713975,318.2020264769,317.4364712440,316.6903153614,311.0068012832,305.3983903863,299.8633688675,294.4012893462,289.0128449452,283.6994023423,278.4626675734,273.3044735900,268.2266473168,263.2309267127,258.3189095143,253.4920223781,248.7515033651,244.0983932952,239.5335331108,235.0575653132,230.6709382247,226.3739121724,222.1665669842,218.0488098377,214.0203830107,210.0808796653,206.2297614221,202.4663614783,198.7898889208,195.1994364048,191.6939894589,188.2724362869,184.9335775067,181.6761355716,178.4987637858,175.4000548845,172.3785491705,169.4327422254,166.5610921889,163.7620266285,161.0339489897,158.3752446560,155.7842866002,153.2594406572,150.7990704096,148.4015417054,146.0652268142,143.7885082369,141.5697821801,139.4074617147,137.2999796403,135.2457910856,133.2433758471,131.2912405979,129.3879209437,127.5319835721,125.7220283410,123.9566911915,122.2346479231,120.5546196519,118.9153816489,117.3157775651,115.7547430610,114.2313457813,112.7448528129,111.2948482466,109.8738705745,108.4825419845,107.1209703809,105.7889286829,104.4859740625,103.2115276480,101.9649279166,104.8127006182
"cbox3",35.3068122489,42.5071729040,48.1936694089,54.3183426124,60.8625842923,67.8097901466,75.1292142539,82.7740072236,90.6827570704,98.7797857898,106.9766641898,115.1739219279,123.2627991897,131.1278993963,138.6488054608,145.7020330384,152.1633255831,157.9088184115,162.8167339463,166.7695006348,169.6544448687,171.3642286591,171.7979289473,170.8618326831,168.4696960306,164.5425121558,159.8176143348,155.3931731992,151.2235543129,147.2751047871,137.2761286364,127.6705958119,118.4183418617,109.4917628199,100.8716044471,92.5442337883,84.4998675159,76.7313933658,69.2335639431,62.0024305684,55.0349362424,48.3286169695,41.8813787637,35.6913288402,29.7566465621,24.0754841711,18.6458903815,13.4657518332,8.5327487724,3.8443220037,-0.6023516677,-4.8103762814,-8.7831303309,-12.5242753079,-16.0377604427,-19.3278195764,-22.3989626120,-25.2559634224,-27.9038453639,-30.3478651039,-32.5934952191,-34.6464058990,-36.5124460239,-38.1976238125,-39.7080872401,-41.0501043523,-42.2300436266,-43.2543544522,-44.1295478534,-44.8621774964,-45.4588210651,-45.9260620461,-46.2704719755,-46.4985931838,-46.6169220839,-46.6318930290,-46.5498627739,-46.3770955552,-46.1197488493,-45.7838597012,-45.3753317174,-44.8999224786,-44.3632316403,-43.7706886726,-43.1275403017,-42.4388367324,-41.7094146702,-40.9438748707,-40.1465495294,-39.3214513888,-38.4721915837,-37.6018394851,-36.7222212749,-35.8344193149,-34.9400721221,-34.0411362670,-33.1397239667,-32.2379930810,-31.3380731561,-25.3143963867
"cbox4",5.7668782673,15.6544815645,16.6030539000,17.9487753877,19.3778765539,20.8615946946,22.3943365088,23.9686380364,25.5725775424,27.1875962836,28.7883700500,30.3427610484,31.8119179767,33.1515491126,34.3120855241,35.2396883505,35.8779367787,36.1684237398,36.0523469265,35.4727181405,34.3750754063,32.7082869785,30.4263171377,27.4896683542,23.8663354117,19.5324402012,15.2649189966,12.0491235237,9.5907311028,7.6893398289,0.0934274151,-5.9360193694,-10.7458990696,-14.5842676948,-17.6346036595,-20.0367022476,-21.8998441658,-23.3113680930,-24.3424186913,-25.0519010330,-25.4892622374,-25.6964867230,-25.7095529189,-25.5595146441,-25.2733171251,-24.8744233193,-24.3833033592,-23.8178245696,-23.1935687851,-22.5240926372,-21.8211552593,-21.0949699520,-20.3542862459,-19.6065430219,-18.8580257671,-18.1140033693,-17.3788482523,-16.6561439231,-15.9487823420,-15.2590524370,-14.5887204904,-13.9391028643,-13.3111314414,-12.7054121105,-12.1222766909,-11.5618286758,-11.0239832591,-10.5085020738,-10.0150231548,-9.5430865720,-9.0921562261,-8.6616382424,-8.2508963943,-7.8592649438,-7.4860592613,-7.1305845383,-6.7921428764,-6.4700389855,-6.1635847386,-5.8721026296,-5.5949283878,-5.3314126237,-5.0809219363,-4.8428385151,-4.6165586558,-4.4014895375,-4.1970427799,-4.0026234689,-3.8176113888,-3.6413288383,-3.4729863913,-3.3115871653,-3.1650939651,-3.0285100715,-2.8991554247,-2.7756510756,-2.6573191932,-2.5438375900,-2.4350472814,2.6860104782
"Objective",4559.3509783589
